LOI200_dlc_km.asc
ncols         504
nrows         401
xllcorner     347695.93724505
yllcorner     611191.17937377
cellsize      10
NODATA_value  -9999
[rows 74 to 110 of 401, columns 328 to 409 of 504]
0 0 0 0 0 0 0 0 0 0 0 0 0 0 0 0 0 0 0 0 0 0 0 0 0 0 0 0 0 0 0 0 0 0 0 0 0 0 0 0 0 0 0 0 0 0 0.01 0.02 0.022 0.028 0.036 0.042 0.05 0.053 0.058 0.06 0.06 0.06 0.06 0.058 0.053 0.05 0.05 0.05 0.05 0.05 0.05 0.044 0.041 0.04 0.04 0.04 0.04 0.041 0.044 0.05 0.053 0.058 0.063 0.067 0.07 0.07
0 0 0 0 0 0 0 0 0 0 0 0 0 0 0 0 0 0 0 0 0 0 0 0 0 0 0 0 0 0 0 0 0 0 0 0 0 0 0 0 0 0 0 0 0 0.01 0.014 0.022 0.031 0.036 0.042 0.05 0.056 0.063 0.067 0.07 0.07 0.07 0.07 0.067 0.063 0.06 0.06 0.06 0.06 0.06 0.058 0.053 0.05 0.05 0.05 0.05 0.05 0.05 0.053 0.058 0.063 0.067 0.072 0.076 0.08 0.08
0 0 0 0 0 0 0 0 0 0 0 0 0 0 0 0 0 0 0 0 0 0 0 0 0 0 0 0 0 0 0 0 0 0 0 0 0 0 0 0 0 0 0 0 0 0.01 0.02 0.028 0.036 0.044 0.05 0.056 0.064 0.07 0.076 0.08 0.08 0.08 0.08 0.076 0.072 0.07 0.07 0.07 0.07 0.07 0.067 0.063 0.06 0.06 0.06 0.06 0.06 0.06 0.063 0.067 0.072 0.076 0.08 0.085 0.089 0.09
0 0 0 0 0 0 0 0 0 0 0 0 0 0 0 0 0 0 0 0 0 0 0 0 0 0 0 0 0 0 0 0 0 0 0 0 0 0 0 0 0 0 0 0 0.01 0.014 0.022 0.031 0.041 0.05 0.058 0.064 0.07 0.078 0.084 0.089 0.09 0.09 0.089 0.085 0.082 0.08 0.08 0.08 0.08 0.08 0.076 0.072 0.07 0.07 0.07 0.07 0.07 0.07 0.072 0.076 0.08 0.085 0.089 0.094 0.098 0.1
0 0 0 0 0 0 0 0 0 0 0 0 0 0 0 0 0 0 0 0 0 0 0 0 0 0 0 0 0 0 0 0 0 0 0 0 0 0 0 0 0 0 0 0 0.01 0.02 0.028 0.036 0.044 0.053 0.063 0.072 0.078 0.084 0.092 0.098 0.1 0.1 0.098 0.094 0.092 0.09 0.09 0.09 0.09 0.089 0.085 0.082 0.08 0.08 0.08 0.08 0.08 0.08 0.082 0.085 0.089 0.094 0.098 0.102 0.107 0.11
0 0 0 0 0 0 0 0 0 0 0 0 0 0 0 0 0 0 0 0 0 0 0 0 0 0 0 0 0 0 0 0 0 0 0 0 0 0 0 0 0 0 0 0.01 0.014 0.022 0.031 0.041 0.05 0.058 0.067 0.076 0.085 0.092 0.098 0.106 0.11 0.11 0.107 0.104 0.101 0.1 0.1 0.1 0.1 0.098 0.094 0.092 0.09 0.09 0.09 0.09 0.09 0.09 0.092 0.094 0.098 0.102 0.107 0.111 0.116 0.12
0 0 0 0 0 0 0 0 0 0 0 0 0 0 0 0 0 0 0 0 0 0 0 0 0 0 0 0 0 0 0 0 0 0 0 0 0 0 0 0 0 0 0.01 0.014 0.022 0.028 0.036 0.044 0.053 0.063 0.072 0.08 0.089 0.098 0.106 0.113 0.12 0.12 0.117 0.114 0.111 0.11 0.11 0.11 0.11 0.107 0.104 0.101 0.1 0.1 0.1 0.1 0.1 0.1 0.101 0.104 0.107 0.111 0.116 0.12 0.125 0.13
0 0 0 0 0 0 0 0 0 0 0 0 0 0 0 0 0 0 0 0 0 0 0 0 0 0 0 0 0 0 0 0 0 0 0 0 0 0 0 0 0 0 0.01 0.02 0.028 0.036 0.042 0.05 0.058 0.067 0.076 0.085 0.094 0.102 0.111 0.12 0.127 0.13 0.126 0.123 0.121 0.12 0.12 0.12 0.12 0.117 0.114 0.111 0.11 0.11 0.11 0.11 0.11 0.11 0.111 0.114 0.117 0.12 0.125 0.13 0.134 0.138
0 0 0 0 0 0 0 0 0 0 0 0 0 0 0 0 0 0 0 0 0 0 0 0 0 0 0 0 0 0 0 0 0 0 0 0 0 0 0 0 0 0.01 0.014 0.022 0.031 0.041 0.05 0.056 0.064 0.072 0.08 0.089 0.098 0.107 0.116 0.125 0.134 0.139 0.136 0.133 0.131 0.13 0.13 0.13 0.13 0.126 0.123 0.121 0.12 0.12 0.12 0.12 0.12 0.12 0.121 0.123 0.126 0.13 0.134 0.138 0.143 0.147
0.01 0 0 0 0 0 0 0 0 0 0 0 0 0 0 0 0 0 0 0 0 0 0 0 0 0 0 0 0 0 0 0 0 0 0 0 0 0 0 0 0.01 0.014 0.022 0.028 0.036 0.044 0.053 0.063 0.07 0.078 0.086 0.094 0.102 0.111 0.12 0.13 0.138 0.147 0.145 0.143 0.141 0.14 0.14 0.14 0.139 0.136 0.133 0.131 0.13 0.13 0.13 0.13 0.13 0.13 0.131 0.133 0.136 0.139 0.143 0.147 0.152 0.156
0.014 0.01 0 0 0 0 0 0 0 0 0 0 0 0 0 0 0 0 0 0 0 0 0 0 0 0 0 0 0 0 0 0 0 0 0 0 0 0 0.01 0.01 0.014 0.022 0.028 0.036 0.042 0.05 0.058 0.067 0.076 0.084 0.092 0.1 0.108 0.116 0.125 0.134 0.143 0.152 0.155 0.152 0.151 0.15 0.15 0.15 0.148 0.145 0.143 0.141 0.14 0.14 0.14 0.14 0.14 0.14 0.141 0.143 0.145 0.148 0.152 0.156 0.161 0.165
0.022 0.014 0.01 0.01 0 0 0 0 0 0 0 0 0 0 0 0 0 0 0 0 0 0 0 0 0 0 0 0 0 0 0 0 0 0 0 0 0 0.01 0.014 0.02 0.022 0.028 0.036 0.042 0.05 0.056 0.064 0.072 0.08 0.089 0.098 0.106 0.114 0.122 0.13 0.138 0.147 0.156 0.164 0.162 0.161 0.16 0.16 0.16 0.158 0.155 0.152 0.151 0.15 0.15 0.15 0.15 0.15 0.15 0.151 0.152 0.155 0.158 0.161 0.165 0.17 0.174
0.028 0.022 0.02 0.014 0.01 0 0 0 0 0 0 0 0 0 0 0 0.01 0.01 0.01 0.01 0.01 0.01 0.01 0.01 0.01 0.01 0.01 0.01 0.01 0.01 0.01 0.01 0.01 0.01 0.01 0.01 0.01 0.014 0.022 0.028 0.031 0.036 0.042 0.05 0.056 0.064 0.07 0.078 0.086 0.094 0.102 0.111 0.12 0.128 0.136 0.144 0.152 0.161 0.17 0.172 0.171 0.17 0.17 0.17 0.167 0.164 0.162 0.161 0.16 0.16 0.16 0.16 0.16 0.16 0.161 0.162 0.164 0.167 0.17 0.174 0.178 0.183
0.036 0.031 0.028 0.022 0.014 0.01 0 0 0 0.01 0.01 0.01 0.01 0.01 0.01 0.01 0.014 0.02 0.02 0.02 0.02 0.02 0.02 0.02 0.02 0.02 0.02 0.02 0.02 0.02 0.02 0.02 0.02 0.02 0.02 0.02 0.02 0.022 0.028 0.036 0.041 0.044 0.05 0.056 0.064 0.07 0.078 0.084 0.092 0.1 0.108 0.116 0.125 0.134 0.142 0.15 0.158 0.166 0.174 0.182 0.181 0.18 0.18 0.18 0.177 0.174 0.172 0.171 0.17 0.17 0.17 0.17 0.17 0.17 0.171 0.172 0.174 0.177 0.18 0.183 0.187 0.192
0.044 0.041 0.036 0.028 0.022 0.014 0.01 0.01 0.01 0.014 0.02 0.02 0.02 0.02 0.02 0.02 0.022 0.028 0.03 0.03 0.03 0.03 0.03 0.03 0.03 0.03 0.03 0.03 0.03 0.03 0.03 0.03 0.03 0.03 0.03 0.03 0.03 0.031 0.036 0.042 0.05 0.053 0.058 0.064 0.07 0.078 0.084 0.092 0.098 0.106 0.114 0.122 0.13 0.138 0.147 0.156 0.164 0.172 0.18 0.188 0.191 0.19 0.19 0.189 0.186 0.184 0.182 0.181 0.18 0.18 0.18 0.18 0.18 0.18 0.181 0.182 0.184 0.186 0.189 0.193 0.196 0.201
0.053 0.05 0.042 0.036 0.028 0.022 0.02 0.02 0.02 0.022 0.028 0.03 0.03 0.03 0.03 0.03 0.031 0.036 0.04 0.04 0.04 0.04 0.04 0.04 0.04 0.04 0.04 0.04 0.04 0.04 0.04 0.04 0.04 0.04 0.04 0.04 0.04 0.041 0.044 0.05 0.056 0.063 0.067 0.072 0.078 0.084 0.092 0.098 0.106 0.113 0.12 0.128 0.136 0.144 0.152 0.161 0.17 0.178 0.186 0.194 0.2 0.2 0.2 0.199 0.196 0.194 0.192 0.191 0.19 0.19 0.19 0.19 0.19 0.19 0.191 0.192 0.194 0.196 0.199 0.202 0.206 0.21
0.063 0.056 0.05 0.042 0.036 0.031 0.03 0.03 0.03 0.031 0.036 0.04 0.04 0.04 0.04 0.04 0.041 0.044 0.05 0.05 0.05 0.05 0.05 0.05 0.05 0.05 0.05 0.05 0.05 0.05 0.05 0.05 0.05 0.05 0.05 0.05 0.05 0.05 0.053 0.058 0.064 0.07 0.076 0.08 0.086 0.092 0.098 0.106 0.113 0.12 0.127 0.134 0.142 0.15 0.158 0.166 0.174 0.183 0.192 0.2 0.208 0.21 0.21 0.208 0.206 0.203 0.202 0.2 0.2 0.2 0.2 0.2 0.2 0.2 0.2 0.202 0.203 0.206 0.208 0.211 0.215 0.219
0.07 0.064 0.056 0.05 0.044 0.041 0.04 0.04 0.04 0.041 0.044 0.05 0.05 0.05 0.05 0.05 0.05 0.053 0.058 0.06 0.06 0.06 0.06 0.06 0.06 0.06 0.06 0.06 0.06 0.06 0.06 0.06 0.06 0.06 0.06 0.06 0.06 0.06 0.063 0.067 0.072 0.078 0.084 0.089 0.094 0.1 0.106 0.113 0.12 0.127 0.134 0.141 0.148 0.156 0.164 0.172 0.18 0.188 0.197 0.205 0.214 0.22 0.22 0.218 0.215 0.213 0.212 0.21 0.21 0.21 0.21 0.21 0.21 0.21 0.21 0.212 0.213 0.215 0.218 0.221 0.224 0.228
0.078 0.07 0.064 0.058 0.053 0.05 0.05 0.05 0.05 0.05 0.053 0.058 0.06 0.06 0.06 0.06 0.06 0.063 0.067 0.07 0.07 0.07 0.07 0.07 0.07 0.07 0.07 0.07 0.07 0.07 0.07 0.07 0.07 0.07 0.07 0.07 0.07 0.07 0.072 0.076 0.08 0.086 0.092 0.098 0.102 0.108 0.114 0.12 0.127 0.134 0.141 0.148 0.155 0.162 0.17 0.178 0.186 0.194 0.202 0.21 0.219 0.228 0.23 0.228 0.225 0.223 0.222 0.22 0.22 0.22 0.22 0.22 0.22 0.22 0.22 0.222 0.223 0.225 0.228 0.23 0.234 0.237
0.084 0.078 0.072 0.067 0.063 0.06 0.06 0.06 0.06 0.06 0.063 0.067 0.07 0.07 0.07 0.07 0.07 0.072 0.076 0.08 0.08 0.08 0.08 0.08 0.08 0.08 0.08 0.08 0.08 0.08 0.08 0.08 0.08 0.08 0.08 0.08 0.08 0.08 0.082 0.085 0.089 0.094 0.1 0.106 0.111 0.116 0.122 0.128 0.134 0.141 0.148 0.155 0.162 0.169 0.176 0.184 0.192 0.2 0.208 0.216 0.224 0.233 0.24 0.237 0.235 0.233 0.231 0.23 0.23 0.23 0.23 0.23 0.23 0.23 0.23 0.231 0.233 0.235 0.237 0.24 0.243 0.246
0.092 0.086 0.08 0.076 0.072 0.07 0.07 0.07 0.07 0.07 0.072 0.076 0.08 0.08 0.08 0.08 0.08 0.082 0.085 0.089 0.09 0.09 0.09 0.09 0.09 0.09 0.09 0.09 0.09 0.09 0.09 0.09 0.09 0.09 0.09 0.09 0.09 0.09 0.092 0.094 0.098 0.102 0.108 0.114 0.12 0.125 0.13 0.136 0.142 0.148 0.155 0.162 0.169 0.176 0.183 0.191 0.198 0.206 0.214 0.222 0.23 0.238 0.246 0.247 0.245 0.243 0.241 0.24 0.24 0.24 0.24 0.24 0.24 0.24 0.24 0.241 0.243 0.245 0.247 0.25 0.252 0.256
0.1 0.094 0.089 0.085 0.082 0.08 0.08 0.08 0.08 0.08 0.082 0.085 0.089 0.09 0.09 0.09 0.09 0.092 0.094 0.098 0.1 0.1 0.1 0.1 0.1 0.1 0.1 0.1 0.1 0.1 0.1 0.1 0.1 0.1 0.1 0.1 0.1 0.1 0.101 0.104 0.107 0.111 0.116 0.122 0.128 0.134 0.138 0.144 0.15 0.156 0.162 0.169 0.176 0.183 0.191 0.197 0.205 0.212 0.22 0.228 0.236 0.244 0.252 0.257 0.254 0.253 0.251 0.25 0.25 0.25 0.25 0.25 0.25 0.25 0.25 0.251 0.253 0.254 0.257 0.259 0.262 0.265
0.108 0.102 0.098 0.094 0.092 0.09 0.09 0.09 0.09 0.09 0.092 0.094 0.098 0.1 0.1 0.1 0.1 0.101 0.104 0.107 0.11 0.11 0.11 0.11 0.11 0.11 0.11 0.11 0.11 0.11 0.11 0.11 0.11 0.11 0.11 0.11 0.11 0.11 0.111 0.114 0.117 0.12 0.125 0.13 0.136 0.142 0.147 0.152 0.158 0.164 0.17 0.176 0.183 0.191 0.197 0.205 0.212 0.219 0.226 0.234 0.242 0.25 0.258 0.266 0.264 0.263 0.261 0.26 0.26 0.26 0.26 0.26 0.26 0.26 0.26 0.261 0.263 0.264 0.266 0.269 0.272 0.275
0.116 0.111 0.107 0.104 0.101 0.1 0.1 0.1 0.1 0.1 0.101 0.104 0.107 0.11 0.11 0.11 0.11 0.111 0.114 0.117 0.12 0.12 0.12 0.12 0.12 0.12 0.12 0.12 0.12 0.12 0.12 0.12 0.12 0.12 0.12 0.12 0.12 0.12 0.121 0.123 0.126 0.13 0.134 0.138 0.144 0.15 0.156 0.161 0.166 0.172 0.178 0.184 0.191 0.197 0.205 0.212 0.219 0.226 0.233 0.24 0.248 0.256 0.264 0.272 0.274 0.272 0.271 0.27 0.27 0.27 0.27 0.27 0.27 0.27 0.27 0.271 0.272 0.274 0.276 0.278 0.281 0.283
0.125 0.12 0.117 0.114 0.111 0.11 0.11 0.11 0.11 0.11 0.111 0.114 0.117 0.12 0.12 0.12 0.12 0.121 0.123 0.126 0.13 0.13 0.13 0.13 0.13 0.13 0.13 0.13 0.13 0.13 0.13 0.13 0.13 0.13 0.13 0.13 0.13 0.13 0.131 0.133 0.136 0.139 0.143 0.147 0.152 0.158 0.164 0.17 0.174 0.18 0.186 0.192 0.198 0.205 0.212 0.219 0.226 0.233 0.24 0.247 0.254 0.262 0.27 0.278 0.284 0.282 0.281 0.28 0.28 0.28 0.28 0.28 0.28 0.28 0.28 0.281 0.282 0.284 0.286 0.288 0.291 0.29
0.134 0.13 0.126 0.123 0.121 0.12 0.12 0.12 0.12 0.12 0.121 0.123 0.126 0.13 0.13 0.13 0.13 0.131 0.133 0.136 0.139 0.14 0.14 0.14 0.14 0.14 0.14 0.14 0.14 0.14 0.14 0.14 0.14 0.14 0.14 0.14 0.14 0.14 0.141 0.143 0.145 0.148 0.152 0.156 0.161 0.166 0.172 0.178 0.183 0.188 0.194 0.2 0.206 0.212 0.219 0.226 0.233 0.24 0.247 0.254 0.261 0.269 0.276 0.284 0.292 0.292 0.291 0.29 0.29 0.29 0.29 0.29 0.29 0.29 0.29 0.291 0.292 0.294 0.296 0.298 0.3 0.298
0.143 0.139 0.136 0.133 0.131 0.13 0.13 0.13 0.13 0.13 0.131 0.133 0.136 0.139 0.14 0.14 0.14 0.141 0.143 0.145 0.148 0.15 0.15 0.15 0.15 0.15 0.15 0.15 0.15 0.15 0.15 0.15 0.15 0.15 0.15 0.15 0.15 0.15 0.151 0.152 0.155 0.158 0.161 0.165 0.17 0.174 0.18 0.186 0.192 0.197 0.202 0.208 0.214 0.22 0.226 0.233 0.24 0.247 0.254 0.261 0.268 0.275 0.283 0.29 0.298 0.302 0.301 0.3 0.3 0.3 0.3 0.3 0.3 0.3 0.3 0.301 0.302 0.304 0.305 0.308 0.31 0.306
0.152 0.148 0.145 0.143 0.141 0.14 0.14 0.14 0.14 0.14 0.141 0.143 0.145 0.148 0.15 0.15 0.15 0.151 0.152 0.155 0.158 0.16 0.16 0.16 0.16 0.16 0.16 0.16 0.16 0.16 0.16 0.16 0.16 0.16 0.16 0.16 0.16 0.16 0.161 0.162 0.164 0.167 0.17 0.174 0.178 0.183 0.188 0.194 0.2 0.205 0.21 0.216 0.222 0.228 0.234 0.24 0.247 0.254 0.261 0.268 0.275 0.282 0.29 0.297 0.304 0.312 0.311 0.31 0.31 0.31 0.31 0.31 0.31 0.31 0.31 0.311 0.312 0.314 0.315 0.317 0.32 0.314
0.161 0.158 0.155 0.152 0.151 0.15 0.15 0.15 0.15 0.15 0.151 0.152 0.155 0.158 0.16 0.16 0.16 0.161 0.162 0.164 0.167 0.17 0.17 0.17 0.17 0.17 0.17 0.17 0.17 0.17 0.17 0.17 0.17 0.17 0.17 0.17 0.17 0.17 0.171 0.172 0.174 0.177 0.18 0.183 0.187 0.192 0.197 0.202 0.208 0.214 0.219 0.224 0.23 0.236 0.242 0.248 0.254 0.261 0.268 0.275 0.282 0.29 0.296 0.304 0.311 0.318 0.321 0.32 0.32 0.32 0.32 0.32 0.32 0.32 0.32 0.321 0.322 0.323 0.325 0.327 0.328 0.322
0.17 0.167 0.164 0.162 0.161 0.16 0.16 0.16 0.16 0.16 0.161 0.162 0.164 0.167 0.17 0.17 0.17 0.171 0.172 0.174 0.177 0.18 0.18 0.18 0.18 0.18 0.18 0.18 0.18 0.18 0.18 0.18 0.18 0.18 0.18 0.18 0.18 0.18 0.181 0.182 0.184 0.186 0.189 0.193 0.196 0.201 0.205 0.21 0.216 0.222 0.228 0.233 0.238 0.244 0.25 0.256 0.262 0.269 0.275 0.282 0.29 0.296 0.304 0.311 0.318 0.325 0.331 0.33 0.33 0.33 0.33 0.33 0.33 0.33 0.33 0.331 0.332 0.333 0.335 0.337 0.336 0.33
0.18 0.177 0.174 0.172 0.171 0.17 0.17 0.17 0.17 0.17 0.171 0.172 0.174 0.177 0.18 0.18 0.18 0.181 0.182 0.184 0.186 0.189 0.19 0.19 0.19 0.19 0.19 0.19 0.19 0.19 0.19 0.19 0.19 0.19 0.19 0.19 0.19 0.19 0.191 0.192 0.194 0.196 0.199 0.202 0.206 0.21 0.214 0.219 0.224 0.23 0.236 0.241 0.246 0.252 0.258 0.264 0.27 0.276 0.283 0.29 0.296 0.304 0.311 0.318 0.325 0.332 0.339 0.34 0.34 0.34 0.34 0.34 0.34 0.34 0.34 0.341 0.342 0.343 0.345 0.347 0.344 0.338
0.189 0.186 0.184 0.182 0.181 0.18 0.18 0.18 0.18 0.18 0.181 0.182 0.184 0.186 0.189 0.19 0.19 0.191 0.192 0.194 0.196 0.199 0.2 0.2 0.2 0.2 0.2 0.2 0.2 0.2 0.2 0.2 0.2 0.2 0.2 0.2 0.2 0.2 0.2 0.202 0.203 0.206 0.208 0.211 0.215 0.219 0.223 0.228 0.233 0.238 0.244 0.25 0.255 0.26 0.266 0.272 0.278 0.284 0.29 0.297 0.304 0.311 0.318 0.325 0.332 0.339 0.346 0.35 0.35 0.35 0.35 0.35 0.35 0.35 0.35 0.351 0.352 0.353 0.355 0.356 0.352 0.346
0.199 0.196 0.194 0.192 0.191 0.19 0.19 0.19 0.19 0.19 0.191 0.192 0.194 0.196 0.199 0.2 0.2 0.2 0.202 0.203 0.206 0.208 0.21 0.21 0.21 0.21 0.21 0.21 0.21 0.21 0.21 0.21 0.21 0.21 0.21 0.21 0.21 0.21 0.21 0.212 0.213 0.215 0.218 0.221 0.224 0.228 0.232 0.237 0.241 0.246 0.252 0.258 0.264 0.269 0.274 0.28 0.286 0.292 0.298 0.304 0.311 0.318 0.325 0.332 0.339 0.346 0.353 0.36 0.36 0.36 0.36 0.36 0.36 0.36 0.36 0.361 0.362 0.363 0.364 0.366 0.36 0.355
0.208 0.206 0.203 0.202 0.2 0.2 0.2 0.2 0.2 0.2 0.2 0.202 0.203 0.206 0.208 0.21 0.21 0.21 0.212 0.213 0.215 0.218 0.22 0.22 0.22 0.22 0.22 0.22 0.22 0.22 0.22 0.22 0.22 0.22 0.22 0.22 0.22 0.22 0.22 0.222 0.223 0.225 0.228 0.23 0.234 0.237 0.241 0.245 0.25 0.255 0.26 0.266 0.272 0.277 0.283 0.288 0.294 0.3 0.306 0.312 0.318 0.325 0.332 0.339 0.346 0.353 0.36 0.367 0.37 0.37 0.37 0.37 0.37 0.37 0.37 0.371 0.372 0.373 0.374 0.374 0.368 0.363
0.218 0.215 0.213 0.212 0.21 0.21 0.21 0.21 0.21 0.21 0.21 0.212 0.213 0.215 0.218 0.22 0.22 0.22 0.222 0.223 0.225 0.228 0.23 0.23 0.23 0.23 0.23 0.23 0.23 0.23 0.23 0.23 0.23 0.23 0.23 0.23 0.23 0.23 0.23 0.231 0.233 0.235 0.237 0.24 0.243 0.246 0.25 0.254 0.259 0.264 0.269 0.274 0.28 0.286 0.291 0.296 0.302 0.308 0.314 0.32 0.326 0.333 0.339 0.346 0.353 0.36 0.367 0.374 0.38 0.38 0.38 0.38 0.38 0.38 0.38 0.381 0.382 0.383 0.384 0.382 0.377 0.372
0.228 0.225 0.223 0.222 0.22 0.22 0.22 0.22 0.22 0.22 0.22 0.222 0.223 0.225 0.228 0.23 0.23 0.23 0.231 0.233 0.235 0.237 0.24 0.24 0.24 0.24 0.24 0.24 0.24 0.24 0.24 0.24 0.24 0.24 0.24 0.24 0.24 0.24 0.24 0.241 0.243 0.245 0.247 0.25 0.252 0.256 0.26 0.264 0.268 0.272 0.277 0.283 0.288 0.294 0.3 0.305 0.31 0.316 0.322 0.328 0.334 0.34 0.347 0.353 0.36 0.367 0.374 0.381 0.388 0.39 0.39 0.39 0.39 0.39 0.39 0.391 0.392 0.393 0.394 0.391 0.385 0.38
0.237 0.235 0.233 0.231 0.23 0.23 0.23 0.23 0.23 0.23 0.23 0.231 0.233 0.235 0.237 0.24 0.24 0.24 0.241 0.243 0.245 0.247 0.25 0.25 0.25 0.25 0.25 0.25 0.25 0.25 0.25 0.25 0.25 0.25 0.25 0.25 0.25 0.25 0.25 0.251 0.253 0.254 0.257 0.259 0.262 0.265 0.269 0.273 0.277 0.281 0.286 0.291 0.296 0.302 0.308 0.313 0.319 0.324 0.33 0.336 0.342 0.348 0.354 0.361 0.367 0.374 0.381 0.388 0.395 0.4 0.4 0.4 0.4 0.4 0.4 0.401 0.401 0.403 0.404 0.399 0.394 0.388
