LOI200_MeanBA_m.asc
ncols         504
nrows         401
xllcorner     347695.93724505
yllcorner     611191.17937377
cellsize      10
NODATA_value  -9999
[rows 270 to 299 of 401, columns 68 to 135 of 504]
16.2448 16.5276 16.7721 17.0166 17.1754 17.3104 17.3067 17.2265 17.0549 16.8834 16.7247 16.6408 16.5641 16.5167 16.4565 16.4656 16.4236 16.3817 16.3269 16.316 16.2831 16.2685 16.2795 16.3214 16.3397 16.3671 16.4054 16.5623 16.7703 16.9966 17.2228 17.5166 17.7848 18.0658 18.3286 18.5785 18.6971 18.803 18.8668 18.9435 19.011 19.0292 19.0803 19.1642 19.2865 19.5054 19.6478 19.7755 19.8448 19.9324 20.0236 20.1514 20.29 20.447 20.5528 20.6769 20.7572 20.8119 20.8411 20.8703 20.8922 20.8703 20.8301 20.8082 20.7535 20.5966 20.3448 20.009
16.659 16.9272 17.1954 17.4399 17.575 17.6954 17.6826 17.5932 17.4126 17.2064 17.0312 16.8926 16.7849 16.7028 16.6262 16.6189 16.5605 16.5021 16.4309 16.3707 16.3214 16.2904 16.2667 16.2667 16.2685 16.305 16.3634 16.5039 16.7137 16.9236 17.1334 17.4108 17.6626 17.9271 18.1735 18.407 18.5092 18.5986 18.6935 18.7245 18.7756 18.803 18.8376 18.9051 18.9872 19.1807 19.2974 19.3996 19.469 19.5748 19.6843 19.7937 19.9142 20.0711 20.1769 20.301 20.3995 20.4798 20.5272 20.5564 20.5783 20.582 20.5783 20.5309 20.4579 20.4032 20.2025 19.9689
17.0732 17.3414 17.6096 17.8395 17.9983 18.095 18.0731 17.96 17.7702 17.5294 17.314 17.159 17.0349 16.9217 16.8287 16.7904 16.6973 16.6225 16.5349 16.4583 16.3926 16.3269 16.2868 16.2704 16.2412 16.2539 16.3214 16.4638 16.6572 16.8506 17.0622 17.3232 17.5586 17.8067 18.0366 18.2355 18.3194 18.3924 18.4618 18.5256 18.542 18.553 18.5712 18.6223 18.7117 18.8559 18.9654 19.042 19.1296 19.2536 19.3449 19.4544 19.5748 19.7135 19.8193 19.9434 20.0674 20.166 20.2134 20.2609 20.3083 20.3302 20.3083 20.2609 20.2134 20.1331 20.0273 19.8448
17.5166 17.7848 18.0384 18.2683 18.4125 18.5092 18.4636 18.3413 18.1424 17.8614 17.6151 17.4436 17.2849 17.1553 17.0458 16.9765 16.867 16.7758 16.6389 16.5459 16.4638 16.3817 16.3251 16.2922 16.2466 16.2612 16.2868 16.4565 16.6335 16.8104 17.0057 17.2502 17.4691 17.7009 17.8888 18.0713 18.1789 18.2355 18.2702 18.3176 18.3413 18.3359 18.3377 18.3723 18.4307 18.5676 18.6698 18.7209 18.8084 18.9325 19.0237 19.1332 19.2354 19.3741 19.5054 19.6295 19.7536 19.8704 19.9434 19.9908 20.0382 20.0601 20.0638 20.0346 19.9872 19.9069 19.801 19.6697
17.9746 18.2282 18.4818 18.6971 18.865 18.9617 18.854 18.7227 18.4909 18.2191 17.9563 17.7428 17.5677 17.4217 17.2812 17.1772 17.075 16.9528 16.7995 16.69 16.5732 16.4747 16.4017 16.3141 16.2704 16.2685 16.2959 16.4236 16.6097 16.7886 16.9674 17.1954 17.3724 17.5877 17.7812 17.9472 18.0384 18.0786 18.0968 18.1096 18.1169 18.1187 18.1041 18.1224 18.1497 18.2975 18.3742 18.4435 18.5311 18.6296 18.7209 18.8121 18.9398 19.0785 19.2099 19.3339 19.458 19.5821 19.6733 19.7208 19.7682 19.8156 19.8375 19.8083 19.7609 19.7062 19.6003 19.4872
18.4472 18.7008 18.9398 19.1551 19.323 19.4051 19.2974 19.1423 18.896 18.6187 18.3395 18.0913 17.8998 17.7374 17.5804 17.4345 17.2922 17.1206 16.9509 16.8104 16.6772 16.5623 16.4729 16.3926 16.3506 16.3324 16.3616 16.4492 16.5933 16.7557 16.9436 17.1298 17.3305 17.5294 17.7063 17.856 17.9308 17.9363 17.9381 17.9344 17.9253 17.9344 17.9034 17.8906 17.887 18.0457 18.1151 18.1844 18.272 18.3523 18.469 18.5603 18.7063 18.8011 18.9143 19.0639 19.188 19.312 19.4033 19.4763 19.5419 19.5894 19.6113 19.6076 19.5784 19.5237 19.4434 19.3303
18.9343 19.1734 19.4124 19.6277 19.781 19.8631 19.7317 19.5292 19.2774 19.0091 18.7391 18.4745 18.241 18.0476 17.856 17.6936 17.5348 17.3469 17.1608 16.9601 16.8104 16.6791 16.5586 16.4802 16.4218 16.3908 16.4181 16.513 16.6408 16.7867 16.9327 17.1279 17.3122 17.4947 17.6553 17.7885 17.8231 17.8122 17.7793 17.7593 17.7337 17.7264 17.7027 17.6589 17.6425 17.7939 17.9071 17.9764 18.0384 18.1187 18.2355 18.345 18.4545 18.5749 18.688 18.8194 18.9435 19.042 19.1588 19.25 19.3157 19.3631 19.4106 19.4252 19.4215 19.3668 19.2865 19.1807
19.4361 19.6751 19.9142 20.1386 20.2681 20.3503 20.1952 19.9306 19.6733 19.4142 19.1533 18.8723 18.6077 18.3979 18.1899 18.0111 17.7775 17.5731 17.3706 17.1535 16.9874 16.8396 16.7028 16.6262 16.5258 16.4784 16.4893 16.5678 16.6791 16.8086 16.9382 17.117 17.2849 17.4509 17.595 17.7118 17.7301 17.7027 17.6534 17.6169 17.575 17.5513 17.5458 17.471 17.4235 17.5677 17.699 17.7684 17.8304 17.929 18.0457 18.1625 18.2464 18.3669 18.4618 18.5931 18.7427 18.8413 18.9581 19.0493 19.1405 19.2062 19.2281 19.2682 19.2646 19.2172 19.1369 19.031
19.9671 20.1915 20.4159 20.6167 20.7462 20.852 20.6349 20.3466 20.0839 19.8339 19.5821 19.2956 19.0146 18.7628 18.5384 18.3286 18.0786 17.8578 17.6206 17.387 17.179 17.0002 16.8652 16.7721 16.6554 16.5915 16.5605 16.6225 16.7174 16.8305 16.9436 17.106 17.2575 17.4071 17.5348 17.6352 17.637 17.5695 17.5038 17.4509 17.4181 17.3779 17.3414 17.283 17.2046 17.367 17.5166 17.5859 17.6662 17.7465 17.8633 17.98 18.064 18.1844 18.3048 18.4362 18.542 18.6406 18.7573 18.8741 18.9836 19.0748 19.0967 19.1186 19.115 19.0675 19.0128 18.907
20.4889 20.7134 20.9378 21.1385 21.2535 21.3447 21.1038 20.7918 20.5236 20.2681 20.0109 19.7335 19.4361 19.1679 18.9124 18.6862 18.4198 18.157 17.9034 17.6534 17.4144 17.2192 17.0677 16.9582 16.825 16.7192 16.6718 16.6918 16.7703 16.867 16.9637 17.1097 17.2447 17.3779 17.4892 17.5494 17.5348 17.4764 17.3943 17.325 17.2757 17.2046 17.1371 17.0969 17.0112 17.1918 17.3597 17.4472 17.5093 17.5896 17.7063 17.7976 17.9071 18.0275 18.1479 18.2793 18.3851 18.5092 18.626 18.7427 18.8595 18.9252 18.9727 18.9945 18.9909 18.9435 18.8705 18.7902
21.0308 21.2553 21.4651 21.6512 21.7662 21.8337 21.6166 21.2808 20.9925 20.717 20.4543 20.186 19.8977 19.5985 19.3011 19.0584 18.7756 18.4964 18.2264 17.9454 17.6899 17.4527 17.2849 17.159 17.0093 16.8871 16.8232 16.8013 16.8561 16.9363 17.0166 17.1462 17.2648 17.3633 17.4582 17.5038 17.4491 17.3743 17.2757 17.19 17.1097 17.0331 16.9582 16.8871 16.8433 17.0422 17.221 17.2903 17.3779 17.4582 17.575 17.6662 17.7757 17.8961 18.0165 18.1479 18.2537 18.3778 18.5019 18.6187 18.7354 18.8267 18.8741 18.896 18.8741 18.8267 18.7537 18.699
21.602 21.8118 22.0216 22.184 22.299 22.3665 22.1348 21.8027 21.5089 21.2279 20.9414 20.6531 20.3594 20.0693 19.7554 19.4471 19.1478 18.8522 18.5256 18.2282 17.9563 17.7027 17.5421 17.3998 17.2338 17.1133 17.0075 16.9692 16.9637 17.002 17.0659 17.179 17.2812 17.4071 17.4618 17.4673 17.3779 17.2867 17.1973 17.0805 16.9692 16.8615 16.7557 16.7028 16.7448 16.9363 17.1152 17.2027 17.2903 17.3706 17.4436 17.5348 17.6443 17.7903 17.9107 18.0238 18.1552 18.2793 18.4034 18.5457 18.6369 18.7099 18.7829 18.8048 18.7829 18.7792 18.7063 18.6077
22.2023 22.3884 22.5982 22.7369 22.8372 22.8664 22.6347 22.3263 22.0271 21.726 21.4377 21.144 20.8447 20.5455 20.2408 19.916 19.5602 19.2336 18.8905 18.5512 18.2629 17.9928 17.7903 17.6315 17.4673 17.3122 17.2137 17.159 17.1115 17.1079 17.1553 17.2265 17.3378 17.4472 17.4618 17.4035 17.3414 17.2155 17.0951 16.9473 16.805 16.69 16.6043 16.5878 16.628 16.8378 17.0349 17.1225 17.21 17.2903 17.3816 17.4728 17.5823 17.6918 17.8122 17.9253 18.0567 18.2063 18.3304 18.4545 18.5712 18.6442 18.6917 18.7391 18.761 18.6953 18.6479 18.5749
22.8518 23.0234 23.1949 23.2952 23.4193 23.4248 23.1931 22.8701 22.5745 22.268 21.9742 21.6749 21.3702 21.0838 20.7353 20.3867 20.0145 19.6459 19.2865 18.9307 18.6004 18.3377 18.137 17.9363 17.7374 17.5658 17.4691 17.3542 17.2903 17.2447 17.2502 17.3049 17.3998 17.4691 17.4691 17.3943 17.3013 17.1626 17.0112 16.8579 16.6845 16.5641 16.4966 16.4546 16.5368 16.7904 17.0057 17.0933 17.1553 17.2356 17.3524 17.4436 17.5348 17.637 17.7574 17.8779 17.991 18.1406 18.2902 18.3888 18.5055 18.6041 18.6771 18.699 18.7026 18.6625 18.615 18.542
23.5744 23.7313 23.8171 23.9028 24.0123 23.9795 23.7331 23.4102 23.1566 22.8445 22.5453 22.2406 21.9158 21.6093 21.2553 20.9195 20.5418 20.1641 19.7627 19.3649 19.0365 18.75 18.5147 18.2975 18.0567 17.8925 17.7793 17.648 17.5421 17.4545 17.4181 17.4564 17.5093 17.5458 17.4673 17.3615 17.2374 17.0933 16.9108 16.7521 16.597 16.4455 16.3707 16.3725 16.4966 16.7685 17.0276 17.0896 17.1517 17.2319 17.3305 17.4472 17.5129 17.6151 17.7173 17.856 17.9946 18.126 18.2501 18.3742 18.4982 18.5895 18.6442 18.6917 18.6953 18.6552 18.5895 18.542
24.3371 24.4557 24.5031 24.5743 24.6692 24.6126 24.3517 24.0141 23.7642 23.4795 23.1602 22.8354 22.5052 22.1694 21.81 21.4688 21.0856 20.7207 20.332 19.9434 19.5967 19.25 18.9727 18.7136 18.4563 18.2501 18.1205 17.9727 17.8505 17.7209 17.6169 17.6133 17.6115 17.5695 17.46 17.3305 17.1754 17.0258 16.8378 16.6718 16.5112 16.378 16.3214 16.3415 16.5331 16.7977 17.0495 17.1371 17.1991 17.2611 17.3597 17.4509 17.5421 17.6261 17.7282 17.8669 18.0056 18.137 18.2866 18.4107 18.5092 18.6077 18.6625 18.6917 18.6953 18.6552 18.615 18.5493
25.1436 25.191 25.2385 25.3096 25.3571 25.2859 25.025 24.6874 24.4557 24.1893 23.912 23.5817 23.246 22.9048 22.5398 22.1931 21.8227 21.4523 21.0582 20.6641 20.3119 19.9598 19.6259 19.3102 19.0201 18.7719 18.5858 18.3815 18.2282 18.0676 17.9071 17.772 17.6918 17.5695 17.4545 17.3195 17.159 16.9601 16.7904 16.6189 16.4765 16.3871 16.3488 16.3616 16.5459 16.878 17.148 17.2356 17.3049 17.3414 17.4144 17.4874 17.5786 17.6881 17.8158 17.9363 18.0494 18.1808 18.3304 18.4545 18.5785 18.6333 18.688 18.7172 18.7281 18.688 18.6479 18.5822
25.9026 25.9026 25.9501 26.0213 26.0687 25.9501 25.6892 25.3516 25.1381 24.89 24.6309 24.3426 23.9776 23.631 23.2788 22.9267 22.5508 22.1749 21.7753 21.3994 21.0418 20.6842 20.3448 20.0236 19.7025 19.4233 19.1807 18.9197 18.6844 18.449 18.2592 18.0202 17.7574 17.6042 17.4764 17.3104 17.1444 16.9637 16.7886 16.6426 16.5185 16.4218 16.4017 16.4327 16.659 17.0093 17.3232 17.367 17.4108 17.4728 17.5531 17.6261 17.7173 17.8268 17.9107 18.0311 18.1698 18.3012 18.407 18.5311 18.6296 18.7099 18.7464 18.7756 18.761 18.7281 18.7136 18.6552
26.6143 26.6143 26.638 26.6854 26.7329 26.5905 26.3059 25.9446 25.7311 25.5012 25.2604 24.9849 24.6619 24.3517 23.9941 23.6364 23.2551 22.8737 22.4924 22.111 21.7479 21.3848 21.04 20.7371 20.4105 20.1258 19.8594 19.593 19.3266 19.0128 18.6935 18.3742 18.0567 17.7447 17.5348 17.387 17.2137 17.0458 16.8634 16.7101 16.586 16.5076 16.5057 16.5805 16.8488 17.1736 17.4618 17.5312 17.6005 17.6626 17.7428 17.8414 17.9144 17.9983 18.0822 18.2027 18.2975 18.4289 18.5603 18.6406 18.7391 18.7938 18.8303 18.8413 18.834 18.8267 18.7938 18.8121
27.3259 27.3022 27.3022 27.3259 27.3496 27.1598 26.8752 26.5139 26.2767 26.0413 25.795 25.5377 25.2513 24.9593 24.6619 24.3225 23.9357 23.5726 23.1858 22.7989 22.4304 22.0618 21.7352 21.4268 21.0947 20.7863 20.5145 20.1952 19.8758 19.5328 19.1661 18.8176 18.469 18.1497 17.8304 17.5677 17.3615 17.1863 17.0659 16.9053 16.774 16.6955 16.6864 16.7539 17.0458 17.4144 17.7027 17.772 17.8231 17.9107 17.991 18.0457 18.137 18.2464 18.3304 18.407 18.5019 18.5895 18.6953 18.8011 18.8814 18.9617 18.9982 19.0164 19.0164 18.9836 19.0091 19.0858
27.99 27.9663 27.9426 27.9426 27.9426 27.7054 27.397 27.012 26.7748 26.5157 26.2639 26.0194 25.7694 25.4958 25.2166 24.8954 24.5926 24.2477 23.8554 23.4631 23.089 22.7387 22.4066 22.0745 21.737 21.3757 21.0509 20.6842 20.3357 19.9634 19.5675 19.2372 18.907 18.5822 18.2811 17.9855 17.7209 17.5129 17.3524 17.21 17.0714 16.9856 16.9765 17.0878 17.3962 17.7392 18.0092 18.0786 18.1224 18.1844 18.2464 18.3267 18.418 18.4836 18.5858 18.6625 18.7391 18.8522 18.9398 19.0456 19.1515 19.1697 19.2318 19.2573 19.2573 19.3595 19.469 19.5967
28.6068 28.5831 28.5593 28.5356 28.5119 28.2272 27.8952 27.4627 27.1781 26.8953 26.6799 26.4537 26.1982 25.9191 25.6581 25.3735 25.0651 24.7148 24.3827 23.9849 23.6291 23.2733 22.9175 22.5563 22.1658 21.799 21.4505 21.0783 20.7243 20.3466 19.9689 19.6149 19.3029 18.9964 18.7136 18.4362 18.1826 17.9162 17.7483 17.5914 17.471 17.4035 17.387 17.4472 17.7976 18.1479 18.3924 18.4362 18.48 18.5238 18.5603 18.6333 18.7063 18.7719 18.8559 18.9581 19.0529 19.1478 19.2609 19.323 19.4106 19.4799 19.531 19.6149 19.7427 19.8521 19.9616 20.0711
29.1523 29.1286 29.1049 29.0812 29.0337 28.6779 28.2984 27.8422 27.5339 27.2273 27.0066 26.7748 26.5376 26.2949 26.0285 25.7384 25.4483 25.1108 24.7732 24.3937 24.0324 23.6711 23.3098 22.9431 22.5526 22.1567 21.8027 21.425 21.0473 20.6878 20.3284 19.9926 19.6989 19.4106 19.146 18.8869 18.6515 18.4034 18.2027 18.0311 17.9034 17.8286 17.8304 17.8906 18.2391 18.5384 18.8084 18.8522 18.8705 18.8887 18.9252 18.98 19.0529 19.1442 19.2281 19.312 19.4069 19.5018 19.5967 19.7098 19.7864 19.8886 19.9981 20.1076 20.2171 20.3083 20.4178 20.5272
29.5921 29.5793 29.5556 29.5081 29.437 29.0812 28.6542 28.1743 27.8422 27.5302 27.3094 27.096 26.8533 26.6051 26.3333 26.0377 25.784 25.4647 25.1217 24.7549 24.3882 24.0214 23.6547 23.2642 22.8683 22.4668 22.1074 21.7297 21.3702 21.029 20.6878 20.3703 20.0766 19.8065 19.5602 19.3193 19.1022 18.8905 18.7081 18.5548 18.4125 18.3048 18.3249 18.4015 18.7318 19.031 19.2318 19.2755 19.2938 19.312 19.3485 19.4033 19.458 19.5492 19.6149 19.7171 19.8193 19.9397 20.0601 20.1623 20.2718 20.3813 20.4725 20.5637 20.655 20.7535 20.852 20.9506
29.7837 29.7928 29.7691 29.7216 29.6742 29.3421 28.9151 28.459 28.1269 27.8331 27.5886 27.3514 27.1033 26.8496 26.6143 26.3369 26.0778 25.753 25.4228 25.0505 24.6783 24.3061 23.9339 23.5379 23.1365 22.7351 22.3939 22.0344 21.6932 21.352 21.029 20.7298 20.4543 20.1842 19.9561 19.7335 19.5346 19.3412 19.1953 19.0602 18.9544 18.865 18.8522 18.927 19.2391 19.5127 19.7317 19.75 19.7755 19.7937 19.8302 19.8667 19.9142 19.9872 20.0784 20.1879 20.3156 20.4178 20.5455 20.655 20.7645 20.8374 20.9104 20.998 21.0856 21.1732 21.2717 21.3775
29.7508 29.8056 29.8165 29.8165 29.7928 29.4844 29.0812 28.6013 28.3112 28.0411 27.7966 27.5594 27.3113 27.0759 26.835 26.5705 26.3059 25.9939 25.6581 25.2804 24.921 24.5433 24.1656 23.7879 23.3865 23.0033 22.6803 22.3391 21.9979 21.6749 21.352 21.071 20.8137 20.5619 20.3338 20.1295 19.9488 19.7737 19.6459 19.5474 19.4598 19.4252 19.4361 19.5109 19.7974 20.0711 20.29 20.29 20.29 20.3083 20.3703 20.3813 20.436 20.509 20.6002 20.7097 20.8192 20.9287 21.0381 21.1294 21.1841 21.279 21.3556 21.4323 21.5089 21.5965 21.6841 21.7899
29.718 29.7837 29.8165 29.8165 29.7928 29.4844 29.0812 28.6013 28.3294 28.0594 27.8149 27.5777 27.3295 27.0941 26.8715 26.6252 26.3734 26.0796 25.7804 25.4392 25.098 24.7385 24.3791 23.9959 23.6364 23.2715 22.9486 22.6256 22.3026 21.9797 21.6749 21.394 21.1549 20.9214 20.7115 20.5072 20.3448 20.1879 20.0784 19.9981 19.947 19.9123 19.9835 20.0583 20.363 20.6185 20.8374 20.8374 20.8374 20.8557 20.8739 20.9287 20.9834 21.0381 21.1294 21.2206 21.3118 21.4213 21.5016 21.5673 21.6512 21.7169 21.7826 21.8592 21.9359 22.0125 22.0946 22.1767
29.6851 29.7618 29.8056 29.8165 29.7928 29.4844 29.0812 28.6195 28.324 28.0539 27.8094 27.5722 27.324 27.0887 26.8661 26.638 26.4044 26.1234 25.8424 25.5377 25.233 24.91 24.5688 24.2039 23.8627 23.4978 23.1931 22.8701 22.5654 22.2607 21.9797 21.7169 21.4779 21.2626 21.071 20.8849 20.7225 20.5656 20.4743 20.4123 20.3612 20.3685 20.4579 20.5875 20.8922 21.1476 21.3483 21.3666 21.3666 21.3666 21.4031 21.4396 21.4943 21.5673 21.6403 21.7133 21.8191 21.903 21.9578 22.0125 22.0745 22.122 22.1877 22.2534 22.3245 22.3957 22.4541 22.5052
29.6632 29.7399 29.7946 29.8165 29.7928 29.4844 29.0812 28.6378 28.3185 28.0484 27.8039 27.5667 27.3186 27.0832 26.8606 26.6088 26.3752 26.1125 25.868 25.5998 25.3315 25.0451 24.7404 24.3937 24.0707 23.724 23.4193 23.1146 22.8099 22.5234 22.2607 21.9979 21.8009 21.5855 21.394 21.2261 21.0819 20.9433 20.8338 20.7535 20.7024 20.7517 20.8593 21.0071 21.3666 21.6403 21.841 21.8592 21.8592 21.8775 21.8957 21.9322 21.987 22.0417 22.1366 22.2388 22.3008 22.3263 22.3701 22.4139 22.4504 22.5052 22.5781 22.6384 22.6858 22.7205 22.7478 22.7862
29.6413 29.718 29.7837 29.8165 29.7928 29.4844 29.0812 28.656 28.3367 28.043 27.7985 27.5613 27.3131 27.054 26.8314 26.5796 26.346 26.0833 25.8388 25.5888 25.3571 25.1254 24.8754 24.5652 24.2605 23.932 23.6456 23.3408 23.0544 22.7679 22.5234 22.2789 22.0818 21.8665 21.7169 21.549 21.3867 21.248 21.1385 21.0765 21.0491 21.0801 21.1878 21.3356 21.7133 22.0417 22.2789 22.3154 22.3336 22.3519 22.3774 22.4212 22.4942 22.5781 22.6511 22.6584 22.6913 22.7241 22.757 22.7825 22.8445 22.9066 22.9559 22.9723 22.9759 23.0033 23.0179 23.038
