LOI200_dlc_km_scenario.asc
ncols         504
nrows         401
xllcorner     347695.93724505
yllcorner     611191.17937377
cellsize      10
NODATA_value  -9999
[rows 333 to 369 of 401, columns 328 to 409 of 504]
0.139 0.141 0.143 0.145 0.148 0.152 0.156 0.161 0.165 0.17 0.174 0.18 0.186 0.192 0.198 0.205 0.212 0.219 0.226 0.234 0.242 0.25 0.258 0.266 0.274 0.283 0.291 0.3 0.308 0.317 0.326 0.335 0.344 0.353 0.362 0.371 0.38 0.39 0.399 0.408 0.417 0.427 0.435 0.444 0.452 0.461 0.47 0.478 0.487 0.496 0.505 0.514 0.523 0.532 0.541 0.55 0.559 0.568 0.577 0.586 0.596 0.605 0.614 0.623 0.633 0.642 0.651 0.661 0.67 0.68 0.689 0.698 0.708 0.717 0.727 0.736 0.746 0.755 0.765 0.774 0.784 0.794
0.148 0.151 0.152 0.155 0.158 0.161 0.165 0.17 0.174 0.178 0.183 0.188 0.194 0.2 0.206 0.212 0.219 0.226 0.233 0.24 0.248 0.256 0.264 0.272 0.28 0.288 0.296 0.305 0.313 0.322 0.331 0.34 0.348 0.357 0.366 0.375 0.384 0.393 0.403 0.412 0.421 0.43 0.44 0.449 0.457 0.466 0.475 0.483 0.492 0.501 0.51 0.518 0.527 0.536 0.545 0.554 0.563 0.572 0.581 0.59 0.6 0.609 0.618 0.627 0.636 0.646 0.655 0.664 0.674 0.683 0.692 0.702 0.711 0.721 0.73 0.74 0.749 0.758 0.768 0.777 0.787 0.796
0.158 0.161 0.162 0.164 0.167 0.17 0.174 0.178 0.183 0.187 0.192 0.197 0.202 0.208 0.214 0.22 0.226 0.233 0.24 0.247 0.254 0.262 0.27 0.278 0.286 0.294 0.302 0.31 0.319 0.327 0.336 0.344 0.353 0.362 0.371 0.38 0.389 0.398 0.407 0.416 0.425 0.434 0.443 0.453 0.462 0.471 0.48 0.488 0.497 0.506 0.514 0.523 0.532 0.541 0.55 0.559 0.567 0.576 0.586 0.595 0.604 0.613 0.622 0.631 0.64 0.65 0.659 0.668 0.677 0.687 0.696 0.705 0.715 0.724 0.733 0.743 0.752 0.762 0.771 0.781 0.79 0.8
0.167 0.17 0.172 0.174 0.177 0.18 0.183 0.187 0.192 0.196 0.201 0.205 0.21 0.216 0.222 0.228 0.234 0.24 0.247 0.254 0.261 0.269 0.276 0.284 0.292 0.3 0.308 0.316 0.324 0.332 0.341 0.349 0.358 0.367 0.375 0.384 0.393 0.402 0.411 0.42 0.429 0.438 0.447 0.456 0.466 0.475 0.484 0.493 0.502 0.511 0.519 0.528 0.537 0.545 0.554 0.563 0.572 0.581 0.59 0.599 0.608 0.617 0.626 0.635 0.644 0.653 0.663 0.672 0.681 0.69 0.7 0.709 0.718 0.728 0.737 0.746 0.756 0.765 0.774 0.784 0.793 0.803
0.177 0.18 0.182 0.184 0.186 0.189 0.193 0.196 0.201 0.205 0.21 0.214 0.219 0.224 0.23 0.236 0.242 0.248 0.254 0.261 0.268 0.275 0.283 0.29 0.298 0.306 0.314 0.322 0.33 0.338 0.346 0.355 0.363 0.372 0.38 0.389 0.398 0.407 0.415 0.424 0.433 0.442 0.451 0.46 0.47 0.479 0.488 0.497 0.506 0.516 0.524 0.533 0.542 0.55 0.559 0.568 0.577 0.585 0.594 0.603 0.612 0.621 0.63 0.639 0.648 0.657 0.667 0.676 0.685 0.694 0.703 0.713 0.722 0.731 0.74 0.75 0.759 0.768 0.778 0.787 0.797 0.806
0.186 0.189 0.192 0.194 0.196 0.199 0.202 0.206 0.21 0.214 0.219 0.223 0.228 0.233 0.238 0.244 0.25 0.256 0.262 0.269 0.275 0.282 0.29 0.297 0.304 0.312 0.32 0.328 0.336 0.344 0.352 0.36 0.368 0.377 0.385 0.394 0.403 0.411 0.42 0.429 0.438 0.447 0.456 0.465 0.474 0.483 0.492 0.501 0.51 0.52 0.529 0.538 0.547 0.555 0.564 0.573 0.581 0.59 0.599 0.608 0.617 0.626 0.635 0.644 0.653 0.662 0.671 0.68 0.689 0.698 0.707 0.716 0.726 0.735 0.744 0.753 0.763 0.772 0.781 0.791 0.8 0.809
0.196 0.199 0.202 0.203 0.206 0.208 0.211 0.215 0.219 0.223 0.228 0.232 0.237 0.241 0.246 0.252 0.258 0.264 0.27 0.276 0.283 0.29 0.296 0.304 0.311 0.318 0.326 0.334 0.342 0.35 0.358 0.366 0.374 0.382 0.391 0.399 0.408 0.416 0.425 0.434 0.442 0.451 0.46 0.469 0.478 0.487 0.496 0.505 0.514 0.523 0.533 0.542 0.551 0.56 0.569 0.578 0.586 0.595 0.604 0.612 0.621 0.63 0.639 0.648 0.657 0.666 0.675 0.684 0.693 0.702 0.711 0.72 0.73 0.739 0.748 0.757 0.766 0.776 0.785 0.794 0.804 0.813
0.206 0.208 0.211 0.213 0.215 0.218 0.221 0.224 0.228 0.232 0.237 0.241 0.245 0.25 0.255 0.26 0.266 0.272 0.278 0.284 0.29 0.297 0.304 0.311 0.318 0.325 0.333 0.34 0.348 0.356 0.364 0.372 0.38 0.388 0.396 0.404 0.413 0.421 0.43 0.439 0.447 0.456 0.465 0.474 0.483 0.491 0.5 0.509 0.518 0.528 0.537 0.546 0.555 0.564 0.573 0.583 0.591 0.6 0.609 0.617 0.626 0.635 0.644 0.652 0.661 0.67 0.679 0.688 0.697 0.706 0.715 0.724 0.734 0.743 0.752 0.761 0.77 0.78 0.789 0.798 0.807 0.817
0.215 0.218 0.221 0.223 0.225 0.228 0.23 0.234 0.237 0.241 0.245 0.25 0.254 0.259 0.264 0.269 0.274 0.28 0.286 0.292 0.298 0.304 0.311 0.318 0.325 0.332 0.339 0.347 0.354 0.362 0.37 0.378 0.386 0.394 0.402 0.41 0.418 0.427 0.435 0.444 0.452 0.461 0.47 0.478 0.487 0.496 0.505 0.514 0.523 0.532 0.541 0.55 0.559 0.568 0.577 0.586 0.596 0.605 0.614 0.622 0.631 0.64 0.648 0.657 0.666 0.675 0.684 0.693 0.702 0.711 0.72 0.729 0.738 0.747 0.756 0.765 0.774 0.783 0.793 0.802 0.811 0.82
0.225 0.228 0.23 0.233 0.235 0.237 0.24 0.243 0.246 0.25 0.254 0.259 0.264 0.268 0.272 0.277 0.283 0.288 0.294 0.3 0.306 0.312 0.318 0.325 0.332 0.339 0.346 0.353 0.361 0.368 0.376 0.384 0.392 0.4 0.408 0.416 0.424 0.432 0.441 0.449 0.457 0.466 0.475 0.483 0.492 0.501 0.51 0.518 0.527 0.536 0.545 0.554 0.563 0.572 0.581 0.59 0.6 0.609 0.618 0.627 0.636 0.644 0.653 0.662 0.671 0.68 0.688 0.697 0.706 0.715 0.724 0.733 0.742 0.751 0.76 0.769 0.778 0.787 0.797 0.806 0.815 0.824
0.235 0.237 0.24 0.243 0.245 0.247 0.25 0.252 0.256 0.26 0.264 0.268 0.272 0.277 0.281 0.286 0.291 0.296 0.302 0.308 0.314 0.32 0.326 0.333 0.339 0.346 0.353 0.36 0.367 0.375 0.382 0.39 0.398 0.406 0.414 0.422 0.43 0.438 0.446 0.454 0.463 0.471 0.48 0.488 0.497 0.506 0.514 0.523 0.532 0.541 0.55 0.559 0.567 0.576 0.586 0.595 0.604 0.613 0.622 0.631 0.64 0.65 0.658 0.667 0.676 0.684 0.693 0.702 0.711 0.72 0.728 0.737 0.746 0.755 0.764 0.773 0.782 0.792 0.801 0.81 0.819 0.828
0.245 0.247 0.25 0.252 0.254 0.257 0.259 0.262 0.265 0.269 0.273 0.277 0.281 0.286 0.29 0.295 0.3 0.305 0.31 0.316 0.322 0.328 0.334 0.34 0.347 0.353 0.36 0.367 0.374 0.382 0.389 0.396 0.404 0.412 0.42 0.428 0.436 0.444 0.452 0.46 0.468 0.477 0.485 0.493 0.502 0.511 0.519 0.528 0.537 0.545 0.554 0.563 0.572 0.581 0.59 0.599 0.608 0.617 0.626 0.635 0.644 0.653 0.663 0.672 0.68 0.689 0.698 0.707 0.715 0.724 0.733 0.742 0.751 0.76 0.769 0.778 0.787 0.796 0.805 0.814 0.823 0.832
0.254 0.257 0.259 0.262 0.264 0.266 0.269 0.272 0.275 0.278 0.282 0.286 0.29 0.295 0.299 0.304 0.308 0.313 0.319 0.324 0.33 0.336 0.342 0.348 0.354 0.361 0.367 0.374 0.381 0.388 0.396 0.403 0.411 0.418 0.426 0.434 0.442 0.45 0.458 0.466 0.474 0.482 0.49 0.499 0.507 0.516 0.524 0.533 0.542 0.55 0.559 0.568 0.577 0.585 0.594 0.603 0.612 0.621 0.63 0.639 0.648 0.657 0.667 0.676 0.685 0.694 0.703 0.711 0.72 0.729 0.738 0.747 0.755 0.764 0.773 0.782 0.791 0.8 0.809 0.818 0.827 0.836
0.264 0.266 0.269 0.272 0.274 0.276 0.278 0.281 0.284 0.287 0.291 0.295 0.299 0.304 0.308 0.313 0.317 0.322 0.327 0.332 0.338 0.344 0.35 0.356 0.362 0.368 0.375 0.382 0.388 0.395 0.403 0.41 0.417 0.425 0.432 0.44 0.448 0.456 0.464 0.472 0.48 0.488 0.496 0.504 0.513 0.521 0.53 0.538 0.547 0.555 0.564 0.573 0.581 0.59 0.599 0.608 0.617 0.626 0.635 0.644 0.653 0.662 0.671 0.68 0.689 0.698 0.707 0.716 0.725 0.734 0.743 0.751 0.76 0.769 0.778 0.787 0.796 0.804 0.813 0.822 0.831 0.84
0.274 0.276 0.278 0.281 0.284 0.286 0.288 0.291 0.294 0.297 0.3 0.304 0.308 0.313 0.317 0.322 0.326 0.331 0.336 0.341 0.346 0.352 0.358 0.364 0.37 0.376 0.382 0.389 0.396 0.403 0.41 0.417 0.424 0.431 0.439 0.446 0.454 0.462 0.47 0.478 0.486 0.494 0.502 0.51 0.518 0.526 0.535 0.543 0.552 0.56 0.569 0.578 0.586 0.595 0.604 0.612 0.621 0.63 0.639 0.648 0.657 0.666 0.675 0.684 0.693 0.702 0.711 0.72 0.73 0.739 0.747 0.756 0.765 0.774 0.782 0.791 0.8 0.809 0.818 0.827 0.836 0.845
0.284 0.286 0.288 0.291 0.294 0.296 0.298 0.3 0.303 0.306 0.31 0.313 0.317 0.322 0.326 0.331 0.335 0.34 0.344 0.349 0.355 0.36 0.366 0.372 0.378 0.384 0.39 0.396 0.403 0.41 0.417 0.424 0.431 0.438 0.445 0.453 0.46 0.468 0.476 0.484 0.492 0.5 0.508 0.516 0.524 0.532 0.54 0.549 0.557 0.566 0.574 0.583 0.591 0.6 0.609 0.617 0.626 0.635 0.644 0.652 0.661 0.67 0.679 0.688 0.697 0.706 0.715 0.724 0.734 0.743 0.752 0.761 0.77 0.778 0.787 0.796 0.805 0.814 0.822 0.831 0.84 0.849
0.294 0.296 0.298 0.3 0.303 0.305 0.308 0.31 0.313 0.316 0.319 0.323 0.326 0.331 0.335 0.34 0.344 0.348 0.353 0.358 0.363 0.368 0.374 0.38 0.386 0.392 0.398 0.404 0.411 0.417 0.424 0.431 0.438 0.445 0.452 0.46 0.467 0.475 0.482 0.49 0.498 0.506 0.514 0.522 0.53 0.538 0.546 0.554 0.563 0.571 0.579 0.588 0.596 0.605 0.614 0.622 0.631 0.64 0.648 0.657 0.666 0.675 0.684 0.693 0.702 0.711 0.72 0.729 0.738 0.747 0.756 0.765 0.774 0.783 0.792 0.801 0.81 0.818 0.827 0.836 0.845 0.854
0.304 0.305 0.308 0.31 0.313 0.315 0.317 0.32 0.322 0.325 0.328 0.332 0.336 0.34 0.344 0.348 0.353 0.357 0.362 0.367 0.372 0.377 0.382 0.388 0.394 0.4 0.406 0.412 0.418 0.425 0.431 0.438 0.445 0.452 0.459 0.466 0.474 0.481 0.489 0.496 0.504 0.512 0.52 0.528 0.536 0.544 0.552 0.56 0.568 0.576 0.585 0.593 0.602 0.61 0.619 0.627 0.636 0.644 0.653 0.662 0.671 0.68 0.688 0.697 0.706 0.715 0.724 0.733 0.742 0.751 0.76 0.769 0.778 0.787 0.797 0.806 0.814 0.823 0.832 0.841 0.85 0.858
0.314 0.315 0.317 0.32 0.322 0.325 0.327 0.329 0.332 0.335 0.338 0.341 0.345 0.349 0.353 0.357 0.362 0.366 0.371 0.375 0.38 0.385 0.391 0.396 0.402 0.408 0.414 0.42 0.426 0.432 0.439 0.445 0.452 0.459 0.466 0.473 0.481 0.488 0.495 0.503 0.51 0.518 0.526 0.534 0.542 0.55 0.558 0.566 0.574 0.582 0.59 0.599 0.607 0.615 0.624 0.632 0.641 0.65 0.658 0.667 0.676 0.684 0.693 0.702 0.711 0.72 0.728 0.737 0.746 0.755 0.764 0.773 0.782 0.792 0.801 0.81 0.819 0.828 0.837 0.845 0.854 0.863
0.323 0.325 0.327 0.329 0.332 0.335 0.337 0.339 0.342 0.344 0.347 0.351 0.354 0.358 0.362 0.366 0.371 0.375 0.38 0.384 0.389 0.394 0.399 0.404 0.41 0.416 0.422 0.428 0.434 0.44 0.446 0.453 0.46 0.466 0.473 0.48 0.487 0.495 0.502 0.509 0.517 0.524 0.532 0.54 0.548 0.556 0.564 0.572 0.58 0.588 0.596 0.604 0.612 0.621 0.629 0.638 0.646 0.655 0.663 0.672 0.68 0.689 0.698 0.707 0.715 0.724 0.733 0.742 0.751 0.76 0.769 0.778 0.787 0.796 0.805 0.814 0.823 0.832 0.841 0.85 0.859 0.868
0.333 0.335 0.337 0.339 0.342 0.344 0.347 0.349 0.351 0.354 0.357 0.36 0.364 0.367 0.371 0.375 0.38 0.384 0.389 0.393 0.398 0.403 0.408 0.413 0.418 0.424 0.43 0.436 0.442 0.448 0.454 0.46 0.467 0.474 0.481 0.487 0.494 0.502 0.509 0.516 0.524 0.531 0.539 0.546 0.554 0.562 0.57 0.578 0.586 0.594 0.602 0.61 0.618 0.626 0.635 0.643 0.651 0.66 0.668 0.677 0.686 0.694 0.703 0.711 0.72 0.729 0.738 0.747 0.755 0.764 0.773 0.782 0.791 0.8 0.809 0.818 0.827 0.836 0.845 0.854 0.864 0.873
0.343 0.345 0.347 0.349 0.351 0.354 0.356 0.359 0.361 0.364 0.366 0.37 0.373 0.376 0.38 0.384 0.389 0.393 0.398 0.402 0.407 0.411 0.416 0.421 0.427 0.432 0.438 0.444 0.45 0.456 0.462 0.468 0.475 0.481 0.488 0.495 0.502 0.509 0.516 0.523 0.53 0.538 0.545 0.553 0.56 0.568 0.576 0.584 0.592 0.6 0.608 0.616 0.624 0.632 0.64 0.648 0.657 0.665 0.674 0.682 0.691 0.699 0.708 0.716 0.725 0.734 0.743 0.751 0.76 0.769 0.778 0.787 0.796 0.804 0.813 0.822 0.831 0.84 0.85 0.859 0.868 0.877
0.353 0.355 0.356 0.359 0.361 0.364 0.366 0.368 0.371 0.373 0.376 0.379 0.382 0.386 0.39 0.393 0.398 0.402 0.407 0.411 0.415 0.42 0.425 0.43 0.435 0.441 0.446 0.452 0.458 0.464 0.47 0.476 0.482 0.489 0.495 0.502 0.509 0.516 0.523 0.53 0.537 0.544 0.552 0.559 0.567 0.574 0.582 0.59 0.598 0.606 0.614 0.622 0.63 0.638 0.646 0.654 0.662 0.671 0.679 0.687 0.696 0.704 0.713 0.722 0.73 0.739 0.747 0.756 0.765 0.774 0.782 0.791 0.8 0.809 0.818 0.827 0.836 0.845 0.854 0.863 0.872 0.881
0.363 0.364 0.366 0.368 0.371 0.373 0.376 0.378 0.38 0.383 0.386 0.388 0.392 0.395 0.399 0.403 0.407 0.411 0.415 0.42 0.424 0.429 0.434 0.439 0.444 0.449 0.454 0.46 0.466 0.472 0.478 0.484 0.49 0.496 0.503 0.509 0.516 0.523 0.53 0.537 0.544 0.551 0.559 0.566 0.573 0.581 0.588 0.596 0.604 0.612 0.62 0.628 0.636 0.644 0.652 0.66 0.668 0.676 0.685 0.693 0.701 0.71 0.718 0.727 0.735 0.744 0.752 0.761 0.77 0.778 0.787 0.796 0.805 0.814 0.822 0.831 0.84 0.849 0.858 0.867 0.876 0.885
0.373 0.374 0.376 0.378 0.38 0.383 0.386 0.388 0.39 0.392 0.395 0.398 0.401 0.404 0.408 0.412 0.416 0.42 0.424 0.429 0.433 0.438 0.442 0.447 0.452 0.457 0.463 0.468 0.474 0.48 0.486 0.492 0.498 0.504 0.51 0.517 0.524 0.53 0.537 0.544 0.551 0.558 0.565 0.573 0.58 0.587 0.595 0.603 0.61 0.618 0.626 0.634 0.642 0.65 0.658 0.666 0.674 0.682 0.69 0.698 0.707 0.715 0.724 0.732 0.74 0.749 0.758 0.766 0.775 0.783 0.792 0.801 0.81 0.818 0.827 0.836 0.845 0.854 0.863 0.872 0.881 0.89
0.383 0.384 0.386 0.388 0.39 0.392 0.395 0.398 0.4 0.402 0.405 0.408 0.411 0.414 0.417 0.421 0.425 0.429 0.433 0.438 0.442 0.447 0.451 0.456 0.461 0.466 0.471 0.477 0.482 0.488 0.494 0.5 0.506 0.512 0.518 0.524 0.531 0.538 0.544 0.551 0.558 0.565 0.572 0.58 0.587 0.594 0.602 0.609 0.617 0.624 0.632 0.64 0.648 0.656 0.664 0.672 0.68 0.688 0.696 0.704 0.712 0.721 0.729 0.737 0.746 0.754 0.763 0.771 0.78 0.788 0.797 0.806 0.814 0.823 0.832 0.841 0.85 0.858 0.867 0.876 0.885 0.894
0.393 0.394 0.396 0.398 0.4 0.402 0.405 0.407 0.41 0.412 0.414 0.417 0.42 0.423 0.427 0.43 0.434 0.438 0.442 0.447 0.451 0.456 0.46 0.465 0.47 0.475 0.48 0.485 0.49 0.496 0.502 0.508 0.514 0.52 0.526 0.532 0.539 0.545 0.552 0.559 0.565 0.572 0.579 0.586 0.594 0.601 0.608 0.616 0.623 0.631 0.638 0.646 0.654 0.662 0.67 0.678 0.686 0.694 0.702 0.71 0.718 0.726 0.734 0.743 0.751 0.76 0.768 0.776 0.785 0.794 0.802 0.811 0.819 0.828 0.837 0.845 0.854 0.863 0.872 0.881 0.89 0.898
0.403 0.404 0.406 0.407 0.41 0.412 0.414 0.417 0.419 0.422 0.424 0.427 0.43 0.433 0.436 0.44 0.443 0.447 0.451 0.456 0.46 0.465 0.469 0.474 0.478 0.483 0.488 0.493 0.499 0.504 0.51 0.516 0.522 0.528 0.534 0.54 0.546 0.553 0.559 0.566 0.573 0.58 0.586 0.593 0.601 0.608 0.615 0.622 0.63 0.637 0.645 0.652 0.66 0.668 0.676 0.684 0.692 0.7 0.708 0.716 0.724 0.732 0.74 0.748 0.757 0.765 0.773 0.782 0.79 0.799 0.807 0.816 0.824 0.833 0.842 0.85 0.859 0.868 0.877 0.885 0.894 0.903
0.413 0.414 0.415 0.417 0.419 0.422 0.424 0.427 0.429 0.431 0.434 0.436 0.439 0.442 0.445 0.449 0.453 0.456 0.46 0.465 0.469 0.474 0.478 0.483 0.487 0.492 0.497 0.502 0.507 0.513 0.518 0.524 0.53 0.536 0.542 0.548 0.554 0.56 0.567 0.573 0.58 0.587 0.594 0.601 0.608 0.615 0.622 0.629 0.637 0.644 0.651 0.659 0.667 0.674 0.682 0.69 0.698 0.706 0.714 0.722 0.73 0.738 0.746 0.754 0.762 0.771 0.779 0.787 0.796 0.804 0.813 0.821 0.83 0.838 0.847 0.855 0.864 0.873 0.881 0.89 0.899 0.908
0.422 0.424 0.425 0.427 0.429 0.431 0.434 0.436 0.439 0.441 0.443 0.446 0.449 0.452 0.455 0.458 0.462 0.466 0.47 0.474 0.478 0.483 0.487 0.491 0.496 0.501 0.506 0.511 0.516 0.521 0.526 0.532 0.538 0.544 0.55 0.556 0.562 0.568 0.574 0.581 0.587 0.594 0.601 0.608 0.615 0.622 0.629 0.636 0.643 0.651 0.658 0.666 0.673 0.681 0.688 0.696 0.704 0.712 0.72 0.728 0.736 0.744 0.752 0.76 0.768 0.776 0.784 0.793 0.801 0.809 0.818 0.826 0.835 0.843 0.852 0.86 0.869 0.878 0.886 0.895 0.904 0.913
0.432 0.434 0.435 0.437 0.439 0.441 0.443 0.446 0.449 0.451 0.453 0.456 0.458 0.461 0.464 0.468 0.471 0.475 0.479 0.483 0.487 0.491 0.496 0.5 0.505 0.51 0.514 0.519 0.524 0.53 0.535 0.54 0.546 0.552 0.558 0.564 0.57 0.576 0.582 0.588 0.595 0.602 0.608 0.615 0.622 0.629 0.636 0.643 0.65 0.657 0.665 0.672 0.68 0.687 0.695 0.702 0.71 0.718 0.726 0.734 0.742 0.75 0.758 0.766 0.774 0.782 0.79 0.798 0.807 0.815 0.823 0.832 0.84 0.849 0.857 0.866 0.874 0.883 0.891 0.9 0.909 0.917
0.442 0.444 0.445 0.447 0.449 0.451 0.453 0.456 0.458 0.46 0.463 0.465 0.468 0.471 0.474 0.477 0.481 0.484 0.488 0.492 0.496 0.5 0.505 0.509 0.514 0.518 0.523 0.528 0.533 0.538 0.543 0.549 0.554 0.56 0.566 0.572 0.578 0.584 0.59 0.596 0.603 0.609 0.616 0.622 0.629 0.636 0.643 0.65 0.657 0.664 0.672 0.679 0.686 0.694 0.701 0.709 0.717 0.724 0.732 0.74 0.748 0.756 0.764 0.772 0.78 0.788 0.796 0.804 0.812 0.82 0.829 0.837 0.845 0.854 0.862 0.871 0.879 0.888 0.896 0.905 0.914 0.922
0.452 0.453 0.455 0.457 0.458 0.46 0.463 0.465 0.468 0.47 0.472 0.475 0.478 0.48 0.483 0.487 0.49 0.493 0.497 0.501 0.505 0.509 0.514 0.518 0.523 0.527 0.532 0.537 0.542 0.547 0.552 0.557 0.563 0.568 0.574 0.58 0.586 0.592 0.598 0.604 0.61 0.617 0.623 0.63 0.637 0.643 0.65 0.657 0.664 0.671 0.678 0.686 0.693 0.7 0.708 0.715 0.723 0.731 0.738 0.746 0.754 0.762 0.77 0.778 0.786 0.794 0.802 0.81 0.818 0.826 0.834 0.843 0.851 0.859 0.868 0.876 0.885 0.893 0.902 0.91 0.919 0.927
0.462 0.463 0.465 0.466 0.468 0.47 0.472 0.475 0.478 0.48 0.482 0.485 0.487 0.49 0.493 0.496 0.499 0.503 0.506 0.51 0.514 0.518 0.523 0.527 0.532 0.536 0.541 0.545 0.55 0.555 0.56 0.566 0.571 0.576 0.582 0.588 0.594 0.6 0.606 0.612 0.618 0.624 0.631 0.637 0.644 0.651 0.657 0.664 0.671 0.678 0.685 0.693 0.7 0.707 0.715 0.722 0.73 0.737 0.745 0.752 0.76 0.768 0.776 0.784 0.792 0.8 0.808 0.816 0.824 0.832 0.84 0.848 0.857 0.865 0.873 0.882 0.89 0.898 0.907 0.915 0.924 0.932
0.472 0.473 0.475 0.476 0.478 0.48 0.482 0.485 0.487 0.49 0.492 0.494 0.497 0.5 0.502 0.505 0.509 0.512 0.516 0.52 0.523 0.528 0.532 0.536 0.541 0.545 0.55 0.554 0.559 0.564 0.569 0.574 0.579 0.585 0.59 0.596 0.602 0.608 0.614 0.62 0.626 0.632 0.638 0.645 0.651 0.658 0.665 0.672 0.678 0.685 0.692 0.7 0.707 0.714 0.721 0.729 0.736 0.744 0.751 0.759 0.766 0.774 0.782 0.79 0.798 0.806 0.814 0.822 0.83 0.838 0.846 0.854 0.862 0.87 0.879 0.887 0.895 0.904 0.912 0.921 0.929 0.938
0.482 0.483 0.485 0.486 0.488 0.49 0.492 0.494 0.497 0.5 0.502 0.504 0.506 0.509 0.512 0.515 0.518 0.522 0.525 0.529 0.533 0.537 0.541 0.545 0.55 0.554 0.559 0.563 0.568 0.573 0.578 0.583 0.588 0.593 0.599 0.604 0.61 0.616 0.622 0.628 0.634 0.64 0.646 0.652 0.659 0.666 0.672 0.679 0.686 0.693 0.7 0.707 0.714 0.721 0.728 0.735 0.743 0.75 0.758 0.765 0.773 0.781 0.788 0.796 0.804 0.812 0.82 0.828 0.836 0.844 0.852 0.86 0.868 0.876 0.884 0.893 0.901 0.909 0.918 0.926 0.934 0.943
0.492 0.493 0.494 0.496 0.498 0.5 0.502 0.504 0.506 0.509 0.511 0.514 0.516 0.519 0.522 0.524 0.528 0.531 0.534 0.538 0.542 0.546 0.55 0.554 0.559 0.563 0.567 0.572 0.577 0.581 0.586 0.591 0.596 0.602 0.607 0.612 0.618 0.624 0.63 0.636 0.642 0.648 0.654 0.66 0.667 0.673 0.68 0.686 0.693 0.7 0.707 0.714 0.721 0.728 0.735 0.742 0.75 0.757 0.764 0.772 0.779 0.787 0.795 0.802 0.81 0.818 0.826 0.834 0.842 0.85 0.858 0.866 0.874 0.882 0.89 0.898 0.906 0.915 0.923 0.931 0.94 0.948
