LOI200_dlc_km.asc
ncols         504
nrows         401
xllcorner     347695.93724505
yllcorner     611191.17937377
cellsize      10
NODATA_value  -9999
[rows 222 to 258 of 401, columns 246 to 327 of 504]
0 0 0 0 0 0 0 0 0 0 0 0 0 0 0 0 0 0 0 0 0 0 0 0 0 0 0 0 0 0 0 0 0 0 0 0 0 0 0 0 0 0 0 0 0 0 0 0 0 0 0 0 0 0 0 0 0 0 0 0 0 0 0 0 0 0 0 0 0 0 0 0 0 0.01 0.014 0.022 0.028 0.036 0.042 0.05 0.056 0.064
0 0 0 0 0 0 0 0 0 0 0 0 0 0 0 0 0 0 0 0 0 0 0 0 0 0 0 0 0 0 0 0 0 0 0 0 0 0 0 0 0 0 0 0 0 0 0 0 0 0 0 0 0 0 0 0 0 0 0 0 0 0 0 0 0 0 0 0 0 0 0 0 0 0 0.01 0.014 0.022 0.028 0.036 0.042 0.05 0.056
0 0 0 0 0 0 0 0 0 0 0 0 0 0 0 0 0 0 0 0 0 0 0 0 0 0 0 0 0 0 0 0 0 0 0 0 0 0 0 0 0 0 0 0 0 0 0 0 0 0 0 0 0 0 0 0 0 0 0 0 0 0 0 0 0 0 0 0 0 0 0 0 0 0 0 0.01 0.014 0.022 0.028 0.036 0.042 0.05
0 0 0 0 0 0 0 0 0 0 0 0 0 0 0 0 0 0 0 0 0 0 0 0 0 0 0 0 0 0 0 0 0 0 0 0 0 0 0 0 0 0 0 0 0 0 0 0 0 0 0 0 0 0 0 0 0 0 0 0 0 0 0 0 0 0 0 0 0 0 0 0 0 0 0 0 0.01 0.014 0.022 0.028 0.036 0.042
0 0 0 0 0 0 0 0 0 0 0 0 0 0 0 0 0 0 0 0 0 0 0 0 0 0 0 0 0 0 0 0 0 0 0 0 0 0 0 0 0 0 0 0 0 0 0 0 0 0 0 0 0 0 0 0 0 0 0 0 0 0 0 0 0 0 0 0 0 0 0 0 0 0 0 0 0 0.01 0.014 0.022 0.028 0.036
0 0 0 0 0 0 0 0 0 0 0 0 0 0 0 0 0 0 0 0 0 0 0 0 0 0 0 0 0 0 0 0 0 0 0 0 0 0 0 0 0 0 0 0 0 0 0 0 0 0 0 0 0 0 0 0 0 0 0 0 0 0 0 0 0 0 0 0 0 0 0 0 0 0 0 0 0 0 0.01 0.014 0.022 0.028
0 0 0 0 0 0 0 0 0 0 0 0 0 0 0 0 0 0 0 0 0 0 0 0 0 0 0 0 0 0 0 0 0 0 0 0 0 0 0 0 0 0 0 0 0 0 0 0 0 0 0 0 0 0 0 0 0 0 0 0 0 0 0 0 0 0 0 0 0 0 0 0 0 0 0 0 0 0 0 0.01 0.014 0.022
0 0 0 0 0 0 0 0 0 0 0 0 0 0 0 0 0 0 0 0 0 0 0 0 0 0 0 0 0 0 0 0 0 0 0 0 0 0 0 0 0 0 0 0 0 0 0 0 0 0 0 0 0 0 0 0 0 0 0 0 0 0 0 0 0 0 0 0 0 0 0 0 0 0 0 0 0 0 0 0 0.01 0.02
0 0 0 0 0 0 0 0 0 0 0 0 0 0 0 0 0 0 0 0 0 0 0 0 0 0 0 0 0 0 0 0 0 0 0 0 0 0 0 0 0 0 0 0 0 0 0 0 0 0 0 0 0 0 0 0 0 0 0 0 0 0 0 0 0 0 0 0 0 0 0 0 0 0 0 0 0 0 0 0 0.01 0.02
0 0 0 0 0 0 0 0 0 0 0 0 0 0 0 0 0 0 0 0 0 0 0 0 0 0 0 0 0 0 0 0 0 0 0 0 0 0 0 0 0 0 0.01 0 0 0 0 0 0 0 0 0 0 0 0 0 0 0 0 0 0 0 0 0 0 0 0 0 0 0 0 0 0 0 0 0 0 0 0 0.01 0.014 0.022
0.01 0.01 0.01 0.01 0.01 0.01 0 0 0 0 0 0 0 0 0 0 0 0 0 0 0 0 0 0 0 0 0 0 0 0 0 0 0 0 0 0 0.01 0.01 0.01 0.01 0.01 0.01 0.014 0.01 0 0 0 0 0 0 0 0 0 0 0 0 0 0 0 0 0 0 0 0 0 0 0 0 0 0 0 0 0 0 0 0 0 0 0 0.01 0.02 0.028
0.02 0.02 0.02 0.02 0.02 0.014 0.01 0.01 0.01 0 0 0 0 0 0 0 0 0 0 0 0 0 0 0 0 0 0 0 0 0 0 0.01 0.01 0.01 0.01 0.01 0.014 0.02 0.02 0.02 0.02 0.02 0.022 0.014 0.01 0 0 0 0 0 0 0 0 0 0 0 0 0 0 0 0 0 0 0 0 0 0 0 0 0 0 0 0 0 0 0 0 0 0 0.01 0.014 0.022
0.03 0.03 0.03 0.03 0.028 0.022 0.02 0.02 0.014 0.01 0.01 0.01 0.01 0 0 0 0 0 0 0 0 0 0 0 0 0.01 0.01 0.01 0.01 0.01 0.01 0.014 0.02 0.02 0.02 0.02 0.022 0.028 0.03 0.03 0.03 0.03 0.028 0.022 0.014 0.01 0 0 0 0 0 0 0 0 0 0 0 0 0 0 0 0 0 0 0 0 0 0 0 0 0 0 0 0 0 0 0 0 0 0 0.01 0.014
0.04 0.04 0.04 0.04 0.036 0.031 0.03 0.028 0.022 0.02 0.02 0.02 0.014 0.01 0.01 0.01 0.01 0.01 0.01 0.01 0.01 0.01 0.01 0.01 0.01 0.014 0.02 0.02 0.02 0.02 0.02 0.022 0.028 0.03 0.03 0.03 0.031 0.036 0.04 0.04 0.04 0.04 0.036 0.028 0.022 0.014 0.01 0 0 0 0 0 0 0 0 0 0 0 0 0 0 0 0 0 0 0 0 0 0 0 0 0 0 0 0 0 0 0 0 0 0 0.01
0.05 0.05 0.05 0.05 0.044 0.041 0.04 0.036 0.031 0.03 0.03 0.028 0.022 0.02 0.02 0.02 0.02 0.02 0.02 0.02 0.02 0.02 0.02 0.02 0.02 0.022 0.028 0.03 0.03 0.03 0.03 0.031 0.036 0.04 0.04 0.04 0.041 0.044 0.05 0.05 0.05 0.05 0.042 0.036 0.028 0.022 0.014 0.01 0 0 0 0 0 0 0 0 0 0 0 0 0 0 0 0 0 0 0 0 0 0 0 0 0 0 0 0 0 0 0 0 0 0
0.06 0.06 0.06 0.058 0.053 0.05 0.05 0.044 0.041 0.04 0.04 0.036 0.031 0.03 0.03 0.03 0.03 0.03 0.03 0.03 0.03 0.03 0.03 0.03 0.03 0.031 0.036 0.04 0.04 0.04 0.04 0.041 0.044 0.05 0.05 0.05 0.05 0.053 0.058 0.06 0.06 0.056 0.05 0.042 0.036 0.028 0.022 0.014 0.01 0 0 0 0 0 0 0 0 0 0 0 0 0 0 0 0 0 0 0 0 0 0 0 0 0 0 0 0 0 0 0 0 0
0.07 0.07 0.07 0.067 0.063 0.06 0.058 0.053 0.05 0.05 0.05 0.044 0.041 0.04 0.04 0.04 0.04 0.04 0.04 0.04 0.04 0.04 0.04 0.04 0.04 0.041 0.044 0.05 0.05 0.05 0.05 0.05 0.053 0.058 0.06 0.06 0.06 0.063 0.067 0.07 0.07 0.064 0.056 0.05 0.042 0.036 0.028 0.022 0.014 0.01 0.01 0 0 0 0 0 0 0 0 0 0 0 0 0 0 0 0 0 0 0 0 0 0 0 0 0 0 0 0 0 0 0
0.08 0.08 0.08 0.076 0.072 0.07 0.067 0.063 0.06 0.06 0.058 0.053 0.05 0.05 0.05 0.05 0.05 0.05 0.05 0.05 0.05 0.05 0.05 0.05 0.05 0.05 0.053 0.058 0.06 0.06 0.06 0.06 0.063 0.067 0.07 0.07 0.07 0.072 0.076 0.08 0.078 0.07 0.064 0.056 0.05 0.042 0.036 0.028 0.022 0.02 0.014 0.01 0 0 0 0 0 0 0 0 0 0 0 0 0 0 0 0 0 0 0 0 0 0 0 0 0 0 0 0 0 0
0.09 0.09 0.089 0.085 0.082 0.08 0.076 0.072 0.07 0.07 0.067 0.063 0.06 0.06 0.06 0.06 0.06 0.06 0.06 0.06 0.06 0.06 0.06 0.06 0.06 0.06 0.063 0.067 0.07 0.07 0.07 0.07 0.072 0.076 0.08 0.08 0.08 0.082 0.085 0.089 0.084 0.078 0.07 0.064 0.056 0.05 0.042 0.036 0.031 0.028 0.022 0.014 0.01 0.01 0 0 0 0 0 0 0 0 0 0 0 0 0 0 0 0 0 0 0 0 0 0 0 0 0 0 0 0
0.1 0.1 0.098 0.094 0.092 0.089 0.085 0.082 0.08 0.08 0.076 0.072 0.07 0.07 0.07 0.07 0.07 0.07 0.07 0.07 0.07 0.07 0.07 0.07 0.07 0.07 0.072 0.076 0.08 0.08 0.08 0.08 0.082 0.085 0.089 0.09 0.09 0.092 0.094 0.098 0.092 0.084 0.078 0.07 0.064 0.056 0.05 0.044 0.041 0.036 0.028 0.022 0.02 0.014 0.01 0 0 0 0 0 0 0 0 0 0 0 0 0 0 0 0 0 0 0 0 0 0 0 0 0 0 0
0.11 0.11 0.107 0.104 0.101 0.098 0.094 0.092 0.09 0.089 0.085 0.082 0.08 0.08 0.08 0.08 0.08 0.08 0.08 0.08 0.08 0.08 0.08 0.08 0.08 0.08 0.082 0.085 0.089 0.09 0.09 0.09 0.092 0.094 0.098 0.1 0.1 0.101 0.104 0.106 0.098 0.092 0.084 0.078 0.07 0.064 0.058 0.053 0.05 0.042 0.036 0.031 0.028 0.022 0.014 0.01 0.01 0 0 0 0 0 0 0 0 0 0 0 0 0 0 0 0 0 0 0 0 0 0 0 0 0
0.116 0.12 0.117 0.114 0.111 0.107 0.104 0.101 0.1 0.098 0.094 0.092 0.09 0.09 0.09 0.09 0.09 0.09 0.09 0.09 0.09 0.09 0.09 0.09 0.09 0.09 0.092 0.094 0.098 0.1 0.1 0.1 0.101 0.104 0.107 0.11 0.11 0.111 0.114 0.113 0.106 0.098 0.092 0.084 0.078 0.072 0.067 0.063 0.056 0.05 0.044 0.041 0.036 0.028 0.022 0.02 0.014 0.01 0 0 0 0 0 0 0 0 0 0 0 0 0 0 0 0 0 0 0 0 0 0 0 0
0.107 0.11 0.11 0.107 0.104 0.101 0.1 0.1 0.1 0.101 0.104 0.101 0.1 0.1 0.1 0.1 0.1 0.1 0.1 0.1 0.1 0.1 0.1 0.1 0.1 0.1 0.101 0.104 0.107 0.11 0.11 0.11 0.111 0.114 0.117 0.12 0.12 0.121 0.123 0.12 0.113 0.106 0.098 0.092 0.086 0.08 0.076 0.07 0.064 0.058 0.053 0.05 0.042 0.036 0.031 0.028 0.022 0.014 0.01 0.01 0 0 0 0 0 0 0 0 0 0 0 0 0 0 0 0 0 0 0 0 0 0
0.098 0.1 0.1 0.098 0.094 0.092 0.09 0.09 0.09 0.092 0.094 0.098 0.101 0.104 0.107 0.11 0.11 0.11 0.11 0.11 0.11 0.11 0.11 0.11 0.11 0.11 0.111 0.114 0.117 0.12 0.12 0.12 0.121 0.123 0.126 0.13 0.13 0.131 0.133 0.127 0.12 0.113 0.106 0.1 0.094 0.089 0.084 0.078 0.072 0.067 0.063 0.056 0.05 0.044 0.041 0.036 0.028 0.022 0.02 0.014 0.01 0 0 0 0 0 0 0 0 0 0 0 0 0 0 0 0 0 0 0 0 0
0.089 0.09 0.09 0.089 0.085 0.082 0.08 0.08 0.08 0.082 0.085 0.089 0.092 0.094 0.098 0.102 0.108 0.114 0.12 0.12 0.12 0.12 0.12 0.12 0.12 0.12 0.121 0.123 0.126 0.13 0.13 0.13 0.131 0.133 0.136 0.139 0.14 0.141 0.141 0.134 0.127 0.12 0.114 0.108 0.102 0.098 0.092 0.086 0.08 0.076 0.07 0.064 0.058 0.053 0.05 0.042 0.036 0.031 0.028 0.022 0.014 0.01 0.01 0 0 0 0 0 0 0 0 0 0 0 0 0 0 0 0 0 0 0
0.08 0.08 0.08 0.08 0.076 0.072 0.07 0.07 0.07 0.072 0.076 0.08 0.082 0.085 0.089 0.094 0.1 0.106 0.113 0.12 0.128 0.13 0.13 0.13 0.13 0.13 0.131 0.133 0.136 0.139 0.14 0.14 0.141 0.143 0.145 0.148 0.15 0.151 0.148 0.141 0.134 0.128 0.122 0.116 0.111 0.106 0.1 0.094 0.089 0.084 0.078 0.072 0.067 0.063 0.056 0.05 0.044 0.041 0.036 0.028 0.022 0.02 0.014 0.01 0.01 0 0 0 0 0 0 0 0 0 0 0 0 0 0 0 0 0
0.07 0.07 0.07 0.07 0.067 0.063 0.06 0.06 0.06 0.063 0.067 0.07 0.072 0.076 0.08 0.086 0.092 0.098 0.106 0.114 0.122 0.13 0.138 0.14 0.14 0.14 0.141 0.143 0.145 0.148 0.15 0.15 0.151 0.152 0.155 0.158 0.16 0.161 0.155 0.148 0.142 0.136 0.13 0.125 0.12 0.114 0.108 0.102 0.098 0.092 0.086 0.08 0.076 0.07 0.064 0.058 0.053 0.05 0.042 0.036 0.031 0.028 0.022 0.02 0.014 0.01 0.01 0 0 0 0 0 0 0 0 0 0 0 0 0 0 0
0.06 0.06 0.06 0.06 0.058 0.053 0.05 0.05 0.05 0.053 0.058 0.06 0.063 0.067 0.072 0.078 0.084 0.092 0.1 0.108 0.116 0.125 0.134 0.143 0.15 0.15 0.151 0.152 0.155 0.158 0.16 0.16 0.161 0.162 0.164 0.167 0.17 0.169 0.162 0.156 0.15 0.144 0.138 0.134 0.128 0.122 0.116 0.111 0.106 0.1 0.094 0.089 0.084 0.078 0.072 0.067 0.063 0.056 0.05 0.044 0.041 0.036 0.031 0.028 0.022 0.02 0.014 0.01 0.01 0.01 0 0 0 0 0 0.01 0.01 0.01 0 0 0 0
0.05 0.05 0.05 0.05 0.05 0.044 0.041 0.04 0.041 0.044 0.05 0.05 0.053 0.058 0.064 0.07 0.078 0.086 0.094 0.102 0.111 0.12 0.13 0.139 0.148 0.158 0.161 0.162 0.164 0.167 0.17 0.17 0.171 0.172 0.171 0.17 0.17 0.17 0.17 0.164 0.158 0.152 0.147 0.142 0.136 0.13 0.125 0.12 0.114 0.108 0.102 0.098 0.092 0.086 0.08 0.076 0.07 0.064 0.058 0.053 0.05 0.044 0.041 0.036 0.031 0.028 0.022 0.02 0.02 0.014 0.01 0.01 0.01 0 0.01 0.014 0.02 0.014 0.01 0.01 0.01 0.01
0.04 0.04 0.04 0.04 0.04 0.036 0.031 0.03 0.031 0.036 0.04 0.041 0.044 0.05 0.056 0.064 0.072 0.08 0.089 0.098 0.107 0.117 0.126 0.136 0.145 0.155 0.164 0.172 0.174 0.174 0.17 0.167 0.164 0.162 0.161 0.16 0.16 0.16 0.161 0.162 0.164 0.161 0.156 0.15 0.144 0.138 0.134 0.128 0.122 0.116 0.111 0.106 0.1 0.094 0.089 0.084 0.078 0.072 0.067 0.063 0.058 0.053 0.05 0.044 0.041 0.036 0.031 0.03 0.028 0.022 0.02 0.02 0.014 0.01 0.014 0.022 0.028 0.022 0.02 0.02 0.02 0.014
0.03 0.03 0.03 0.03 0.03 0.028 0.022 0.02 0.022 0.028 0.03 0.031 0.036 0.042 0.05 0.058 0.067 0.076 0.085 0.094 0.104 0.114 0.123 0.133 0.143 0.152 0.162 0.17 0.167 0.164 0.161 0.158 0.155 0.152 0.151 0.15 0.15 0.15 0.151 0.152 0.155 0.158 0.161 0.158 0.152 0.147 0.142 0.136 0.13 0.125 0.12 0.114 0.108 0.102 0.098 0.092 0.086 0.08 0.076 0.072 0.067 0.063 0.058 0.053 0.05 0.044 0.041 0.04 0.036 0.031 0.03 0.028 0.022 0.02 0.022 0.028 0.036 0.031 0.03 0.03 0.028 0.022
0.02 0.02 0.02 0.02 0.02 0.02 0.014 0.01 0.014 0.02 0.02 0.022 0.028 0.036 0.044 0.053 0.063 0.072 0.082 0.092 0.101 0.111 0.121 0.131 0.141 0.151 0.161 0.161 0.158 0.155 0.152 0.148 0.145 0.143 0.141 0.14 0.14 0.14 0.141 0.143 0.145 0.148 0.151 0.152 0.155 0.156 0.15 0.144 0.138 0.134 0.128 0.122 0.116 0.111 0.106 0.1 0.094 0.089 0.085 0.08 0.076 0.072 0.067 0.063 0.058 0.053 0.05 0.05 0.044 0.041 0.04 0.036 0.031 0.03 0.031 0.036 0.042 0.041 0.04 0.04 0.036 0.031
0.01 0.01 0.01 0.01 0.01 0.01 0.01 0 0.01 0.01 0.01 0.014 0.022 0.031 0.041 0.05 0.06 0.07 0.08 0.09 0.1 0.11 0.12 0.13 0.14 0.15 0.156 0.152 0.148 0.145 0.143 0.139 0.136 0.133 0.131 0.13 0.13 0.13 0.131 0.133 0.136 0.139 0.141 0.143 0.145 0.148 0.152 0.152 0.147 0.142 0.136 0.13 0.125 0.12 0.114 0.108 0.102 0.098 0.094 0.089 0.085 0.08 0.076 0.072 0.067 0.063 0.06 0.058 0.053 0.05 0.05 0.044 0.041 0.04 0.041 0.044 0.05 0.05 0.05 0.05 0.044 0.041
0 0 0 0 0 0 0 0 0 0 0 0.01 0.02 0.03 0.04 0.05 0.06 0.07 0.08 0.09 0.1 0.11 0.12 0.13 0.14 0.15 0.147 0.143 0.139 0.136 0.133 0.13 0.126 0.123 0.121 0.12 0.12 0.12 0.121 0.123 0.126 0.13 0.131 0.133 0.136 0.139 0.143 0.145 0.148 0.15 0.144 0.138 0.134 0.128 0.122 0.116 0.111 0.107 0.102 0.098 0.094 0.089 0.085 0.08 0.076 0.072 0.07 0.067 0.063 0.06 0.058 0.053 0.05 0.05 0.05 0.053 0.058 0.06 0.06 0.058 0.053 0.05
0 0 0 0 0 0 0 0 0 0 0 0.01 0.02 0.03 0.04 0.05 0.06 0.07 0.08 0.09 0.1 0.11 0.12 0.13 0.14 0.143 0.138 0.134 0.13 0.126 0.123 0.12 0.117 0.114 0.111 0.11 0.11 0.11 0.111 0.114 0.117 0.12 0.121 0.123 0.126 0.13 0.133 0.136 0.139 0.143 0.145 0.147 0.142 0.136 0.13 0.125 0.12 0.116 0.111 0.107 0.102 0.098 0.094 0.089 0.085 0.082 0.08 0.076 0.072 0.07 0.067 0.063 0.06 0.06 0.06 0.063 0.067 0.07 0.07 0.067 0.063 0.06
0 0 0 0 0 0 0 0 0 0 0.01 0.014 0.022 0.031 0.041 0.05 0.06 0.07 0.08 0.09 0.1 0.11 0.12 0.13 0.138 0.134 0.13 0.125 0.12 0.117 0.114 0.111 0.107 0.104 0.101 0.1 0.1 0.1 0.101 0.104 0.107 0.11 0.111 0.114 0.117 0.12 0.123 0.126 0.13 0.133 0.136 0.139 0.141 0.143 0.138 0.134 0.13 0.125 0.12 0.116 0.111 0.107 0.102 0.098 0.094 0.092 0.089 0.085 0.082 0.08 0.076 0.072 0.07 0.07 0.07 0.072 0.076 0.08 0.08 0.076 0.072 0.07
0 0 0 0 0 0 0 0 0 0 0.01 0.02 0.028 0.036 0.044 0.053 0.063 0.072 0.082 0.092 0.101 0.111 0.121 0.13 0.13 0.125 0.12 0.116 0.111 0.107 0.104 0.101 0.098 0.094 0.092 0.09 0.09 0.09 0.092 0.094 0.098 0.1 0.101 0.104 0.107 0.111 0.114 0.117 0.12 0.123 0.126 0.13 0.131 0.133 0.136 0.139 0.138 0.134 0.13 0.125 0.12 0.116 0.111 0.107 0.104 0.101 0.098 0.094 0.092 0.089 0.085 0.082 0.08 0.08 0.08 0.082 0.085 0.089 0.089 0.085 0.082 0.08
