LOI200_dlc_km_scenario.asc
ncols         504
nrows         401
xllcorner     347695.93724505
yllcorner     611191.17937377
cellsize      10
NODATA_value  -9999
[rows 148 to 184 of 401, columns 0 to 81 of 504]
0.09 0.08 0.07 0.06 0.05 0.04 0.03 0.02 0.01 0 0 0 0 0 0 0 0 0 0 0 0 0 0 0 0 0 0 0 0 0 0 0 0 0.01 0.01 0.014 0.02 0.022 0.028 0.031 0.036 0.042 0.05 0.056 0.063 0.067 0.072 0.078 0.084 0.092 0.098 0.106 0.113 0.12 0.127 0.134 0.141 0.148 0.155 0.16 0.16 0.16 0.16 0.16 0.16 0.16 0.16 0.16 0.16 0.16 0.161 0.162 0.164 0.167 0.17 0.174 0.177 0.18 0.183 0.186 0.186 0.184
0.09 0.08 0.07 0.06 0.05 0.04 0.03 0.02 0.01 0 0 0 0 0 0 0 0 0 0 0 0 0 0 0 0 0 0 0 0 0 0 0 0 0 0 0.01 0.01 0.014 0.02 0.022 0.028 0.036 0.042 0.05 0.053 0.058 0.064 0.07 0.078 0.084 0.092 0.098 0.106 0.113 0.12 0.127 0.134 0.141 0.148 0.15 0.15 0.15 0.15 0.15 0.15 0.15 0.15 0.15 0.15 0.15 0.151 0.152 0.155 0.158 0.161 0.164 0.167 0.17 0.174 0.177 0.177 0.174
0.09 0.08 0.07 0.06 0.05 0.04 0.03 0.02 0.01 0 0 0 0 0 0 0 0 0 0 0 0 0 0 0 0 0 0 0 0 0 0 0 0 0 0 0 0 0.01 0.01 0.014 0.022 0.028 0.036 0.041 0.044 0.05 0.056 0.064 0.07 0.078 0.084 0.092 0.098 0.106 0.113 0.12 0.127 0.134 0.14 0.14 0.14 0.14 0.14 0.14 0.14 0.14 0.14 0.14 0.14 0.14 0.141 0.143 0.145 0.148 0.152 0.155 0.158 0.161 0.164 0.167 0.167 0.164
0.09 0.08 0.07 0.06 0.05 0.04 0.03 0.02 0.01 0 0 0 0 0 0 0 0 0 0 0 0 0 0 0 0 0 0 0 0 0 0 0 0 0 0 0 0 0 0 0.01 0.014 0.022 0.028 0.031 0.036 0.042 0.05 0.056 0.064 0.07 0.078 0.084 0.092 0.098 0.106 0.113 0.12 0.127 0.13 0.13 0.13 0.13 0.13 0.13 0.13 0.13 0.13 0.13 0.13 0.13 0.131 0.133 0.136 0.139 0.143 0.145 0.148 0.152 0.155 0.158 0.158 0.155
0.09 0.08 0.07 0.06 0.05 0.04 0.03 0.02 0.01 0 0 0 0 0 0 0 0 0 0 0 0 0 0 0 0 0 0 0 0 0 0 0 0 0 0 0 0 0 0 0 0.01 0.014 0.02 0.022 0.028 0.036 0.042 0.05 0.056 0.064 0.07 0.078 0.084 0.092 0.098 0.106 0.113 0.12 0.12 0.12 0.12 0.12 0.12 0.12 0.12 0.12 0.12 0.12 0.12 0.12 0.121 0.123 0.126 0.13 0.133 0.136 0.139 0.143 0.145 0.148 0.148 0.145
0.09 0.08 0.07 0.06 0.05 0.041 0.031 0.022 0.014 0.01 0 0 0 0 0 0 0 0 0 0 0 0 0 0 0 0 0 0 0 0 0 0 0 0 0 0 0 0 0 0 0 0.01 0.01 0.014 0.022 0.028 0.036 0.042 0.05 0.056 0.064 0.07 0.078 0.084 0.092 0.098 0.106 0.11 0.11 0.11 0.11 0.11 0.11 0.11 0.11 0.11 0.11 0.11 0.11 0.11 0.111 0.114 0.117 0.12 0.123 0.126 0.13 0.133 0.136 0.139 0.139 0.136
0.092 0.082 0.072 0.063 0.053 0.044 0.036 0.028 0.02 0.01 0 0 0 0 0 0 0 0 0 0 0 0 0 0 0 0 0 0 0 0 0 0 0 0 0 0 0 0 0 0 0 0 0 0.01 0.014 0.022 0.028 0.036 0.042 0.05 0.056 0.064 0.07 0.078 0.084 0.092 0.098 0.1 0.1 0.1 0.1 0.1 0.1 0.1 0.1 0.1 0.1 0.1 0.1 0.1 0.101 0.104 0.107 0.111 0.114 0.117 0.12 0.123 0.126 0.13 0.13 0.126
0.094 0.085 0.076 0.067 0.058 0.05 0.041 0.031 0.022 0.014 0.01 0 0 0 0 0 0 0 0 0 0 0 0 0 0 0 0 0 0 0 0 0 0 0 0 0 0 0 0 0 0 0 0 0 0.01 0.014 0.022 0.028 0.036 0.042 0.05 0.056 0.064 0.07 0.078 0.084 0.09 0.09 0.09 0.09 0.09 0.09 0.09 0.09 0.09 0.09 0.09 0.09 0.09 0.09 0.092 0.094 0.098 0.101 0.104 0.107 0.111 0.114 0.117 0.12 0.12 0.117
0.098 0.089 0.08 0.072 0.063 0.053 0.044 0.036 0.028 0.02 0.01 0 0 0 0 0 0 0 0 0 0 0 0 0 0 0 0 0 0 0 0 0 0 0 0 0 0 0 0 0 0 0 0 0 0 0.01 0.014 0.022 0.028 0.036 0.042 0.05 0.056 0.064 0.07 0.078 0.08 0.08 0.08 0.08 0.08 0.08 0.08 0.08 0.08 0.08 0.08 0.08 0.08 0.08 0.082 0.085 0.089 0.092 0.094 0.098 0.101 0.104 0.107 0.11 0.11 0.107
0.102 0.094 0.085 0.076 0.067 0.058 0.05 0.041 0.031 0.022 0.014 0.01 0 0 0 0 0 0 0 0 0 0 0 0 0 0 0 0 0 0 0 0 0 0 0 0 0 0 0 0 0 0 0 0 0 0 0.01 0.014 0.022 0.028 0.036 0.042 0.05 0.056 0.064 0.07 0.07 0.07 0.07 0.07 0.07 0.07 0.07 0.07 0.07 0.07 0.07 0.07 0.07 0.07 0.072 0.076 0.08 0.082 0.085 0.089 0.092 0.094 0.098 0.1 0.1 0.098
0.107 0.098 0.089 0.08 0.072 0.063 0.053 0.044 0.036 0.028 0.02 0.01 0 0 0 0 0 0 0 0 0 0 0 0 0 0 0 0 0 0 0 0 0 0 0 0 0 0 0 0 0 0 0 0 0 0 0 0.01 0.014 0.022 0.028 0.036 0.042 0.05 0.058 0.06 0.06 0.06 0.06 0.06 0.06 0.06 0.06 0.06 0.06 0.06 0.06 0.06 0.06 0.06 0.063 0.067 0.07 0.072 0.076 0.08 0.082 0.085 0.089 0.09 0.09 0.089
0.111 0.102 0.094 0.085 0.076 0.067 0.058 0.05 0.041 0.031 0.022 0.014 0.01 0 0 0 0 0 0 0 0 0 0 0 0 0 0 0 0 0 0 0 0 0 0 0 0 0 0 0 0 0 0 0 0 0 0 0 0.01 0.014 0.022 0.028 0.036 0.044 0.05 0.05 0.05 0.05 0.05 0.05 0.05 0.05 0.05 0.05 0.05 0.05 0.05 0.05 0.05 0.05 0.053 0.058 0.06 0.063 0.067 0.07 0.072 0.076 0.08 0.08 0.08 0.08
0.116 0.107 0.098 0.089 0.08 0.072 0.063 0.053 0.044 0.036 0.028 0.022 0.014 0.01 0.01 0 0 0 0 0 0 0 0 0 0 0 0 0 0 0 0 0 0 0 0 0 0 0 0 0 0 0 0 0 0 0 0 0 0 0.01 0.014 0.022 0.031 0.04 0.04 0.04 0.04 0.04 0.04 0.04 0.04 0.04 0.04 0.04 0.04 0.04 0.04 0.04 0.04 0.041 0.044 0.05 0.05 0.053 0.058 0.06 0.063 0.067 0.07 0.07 0.07 0.07
0.12 0.111 0.102 0.094 0.085 0.076 0.067 0.058 0.05 0.042 0.036 0.028 0.022 0.02 0.014 0.01 0.01 0 0 0 0 0 0 0 0 0 0 0 0 0 0 0 0 0 0 0 0 0 0 0 0 0 0 0 0 0 0 0 0 0 0.01 0.02 0.03 0.03 0.03 0.03 0.03 0.03 0.03 0.03 0.03 0.03 0.03 0.03 0.03 0.03 0.03 0.03 0.03 0.031 0.036 0.04 0.041 0.044 0.05 0.05 0.053 0.058 0.06 0.06 0.06 0.06
0.125 0.116 0.107 0.098 0.089 0.08 0.072 0.064 0.056 0.05 0.042 0.036 0.031 0.028 0.022 0.02 0.01 0 0 0 0 0 0 0 0 0 0 0 0 0 0 0 0 0 0 0 0 0 0 0 0 0 0 0 0 0 0 0 0 0 0.01 0.02 0.022 0.02 0.02 0.02 0.02 0.02 0.02 0.02 0.02 0.02 0.02 0.02 0.02 0.02 0.02 0.02 0.02 0.022 0.028 0.03 0.031 0.036 0.04 0.041 0.044 0.05 0.05 0.05 0.05 0.05
0.13 0.12 0.111 0.102 0.094 0.086 0.078 0.07 0.064 0.056 0.05 0.044 0.041 0.036 0.031 0.022 0.014 0.01 0 0 0 0 0 0 0 0 0 0 0 0 0 0 0 0 0 0 0 0 0 0 0 0 0 0 0 0 0 0 0 0 0.01 0.02 0.014 0.01 0.01 0.01 0.01 0.01 0.01 0.01 0.01 0.01 0.01 0.01 0.01 0.01 0.01 0.01 0.01 0.014 0.02 0.02 0.022 0.028 0.03 0.031 0.036 0.04 0.04 0.04 0.04 0.041
0.134 0.125 0.116 0.108 0.1 0.092 0.084 0.078 0.07 0.064 0.058 0.053 0.05 0.044 0.036 0.028 0.022 0.014 0.01 0 0 0 0 0 0 0 0 0 0 0 0 0 0 0 0 0 0 0 0 0 0 0 0 0 0 0 0 0 0 0.01 0.014 0.01 0.01 0 0 0 0 0 0 0 0 0 0 0 0 0 0 0 0 0.01 0.01 0.01 0.014 0.02 0.02 0.022 0.028 0.03 0.03 0.03 0.03 0.031
0.138 0.13 0.122 0.114 0.106 0.098 0.092 0.084 0.078 0.072 0.067 0.063 0.058 0.05 0.042 0.036 0.028 0.022 0.014 0.01 0.01 0 0 0 0 0 0 0 0 0 0 0 0 0 0 0 0 0.01 0.01 0 0 0 0 0 0 0 0 0.01 0.01 0.014 0.01 0 0 0 0 0 0 0 0 0 0 0 0 0 0 0 0 0 0 0 0 0 0.01 0.01 0.01 0.014 0.02 0.02 0.02 0.02 0.02 0.022
0.144 0.136 0.128 0.12 0.113 0.106 0.098 0.092 0.086 0.08 0.076 0.072 0.064 0.056 0.05 0.042 0.036 0.028 0.022 0.02 0.014 0.01 0 0 0 0 0 0 0 0 0 0 0 0 0 0.01 0.01 0.014 0.014 0.01 0.01 0.01 0.01 0.01 0.01 0.01 0.01 0.014 0.014 0.01 0 0 0 0 0 0 0 0 0 0 0 0 0 0 0 0 0 0 0 0 0 0 0 0 0 0.01 0.01 0.01 0.01 0.01 0.01 0.014
0.15 0.142 0.134 0.127 0.12 0.113 0.106 0.1 0.094 0.089 0.085 0.078 0.07 0.064 0.056 0.05 0.042 0.036 0.031 0.028 0.022 0.014 0.01 0.01 0 0 0 0 0 0 0 0 0 0 0.01 0.014 0.02 0.022 0.022 0.02 0.02 0.02 0.02 0.02 0.02 0.02 0.02 0.02 0.01 0 0 0 0 0 0 0 0 0 0 0 0 0 0 0 0 0 0 0 0 0 0 0 0 0 0 0 0 0 0 0 0 0.01
0.156 0.148 0.141 0.134 0.127 0.12 0.114 0.108 0.102 0.098 0.092 0.084 0.078 0.07 0.064 0.056 0.05 0.044 0.041 0.036 0.028 0.022 0.02 0.014 0.01 0.01 0 0 0 0 0 0 0 0.01 0.014 0.022 0.028 0.031 0.031 0.03 0.03 0.03 0.03 0.03 0.03 0.03 0.022 0.014 0.01 0 0 0 0 0 0 0 0 0 0 0 0 0 0 0 0 0 0 0 0 0 0 0 0 0 0 0 0 0 0 0 0 0
0.162 0.155 0.148 0.141 0.134 0.128 0.122 0.116 0.111 0.106 0.098 0.092 0.084 0.078 0.07 0.064 0.058 0.053 0.05 0.042 0.036 0.031 0.028 0.022 0.02 0.014 0.01 0.01 0 0 0 0 0.01 0.014 0.022 0.028 0.036 0.041 0.041 0.04 0.04 0.04 0.04 0.04 0.036 0.028 0.02 0.01 0 0 0 0 0 0 0 0 0 0 0 0 0 0 0 0 0 0 0 0 0 0 0 0 0 0 0 0 0 0 0 0 0 0
0.169 0.162 0.155 0.148 0.142 0.136 0.13 0.125 0.12 0.113 0.106 0.098 0.092 0.084 0.078 0.072 0.067 0.063 0.056 0.05 0.044 0.041 0.036 0.031 0.028 0.022 0.02 0.014 0.01 0.01 0.01 0.01 0.014 0.022 0.028 0.036 0.042 0.05 0.05 0.05 0.05 0.05 0.05 0.041 0.031 0.022 0.014 0.01 0 0 0 0 0 0 0 0 0 0 0 0 0 0 0 0 0 0 0 0 0 0 0 0 0 0 0 0 0 0 0 0 0 0
0.176 0.169 0.162 0.156 0.15 0.144 0.138 0.134 0.127 0.12 0.113 0.106 0.098 0.092 0.086 0.08 0.076 0.07 0.064 0.058 0.053 0.05 0.044 0.041 0.036 0.031 0.028 0.022 0.02 0.02 0.02 0.02 0.022 0.028 0.036 0.042 0.05 0.056 0.06 0.06 0.058 0.05 0.042 0.036 0.028 0.02 0.01 0 0 0 0 0 0 0 0 0 0 0 0 0 0 0 0 0 0 0 0 0 0 0 0 0 0 0 0 0.01 0.01 0.01 0.01 0.01 0.01 0.01
0.183 0.176 0.17 0.164 0.158 0.152 0.147 0.141 0.134 0.127 0.12 0.113 0.106 0.1 0.094 0.089 0.084 0.078 0.072 0.067 0.063 0.058 0.053 0.05 0.044 0.041 0.036 0.031 0.03 0.03 0.03 0.03 0.031 0.036 0.042 0.05 0.056 0.064 0.07 0.063 0.053 0.044 0.036 0.028 0.022 0.014 0.01 0 0 0 0 0 0 0 0 0 0 0 0 0 0 0 0 0 0 0 0 0 0 0 0 0 0 0 0.01 0.014 0.02 0.02 0.02 0.02 0.02 0.02
0.191 0.184 0.178 0.172 0.166 0.161 0.155 0.148 0.141 0.134 0.127 0.12 0.114 0.108 0.102 0.098 0.092 0.086 0.08 0.076 0.072 0.067 0.063 0.058 0.053 0.05 0.044 0.041 0.04 0.04 0.04 0.04 0.041 0.044 0.05 0.056 0.064 0.07 0.07 0.06 0.05 0.041 0.031 0.022 0.014 0.01 0 0 0 0 0 0 0 0 0 0 0 0 0 0 0 0 0 0 0 0 0 0 0 0 0 0 0 0 0.01 0.02 0.028 0.03 0.03 0.03 0.03 0.03
0.198 0.192 0.186 0.18 0.174 0.169 0.162 0.155 0.148 0.141 0.134 0.128 0.122 0.116 0.111 0.106 0.1 0.094 0.089 0.085 0.08 0.076 0.072 0.067 0.063 0.058 0.053 0.05 0.05 0.05 0.05 0.05 0.05 0.053 0.058 0.064 0.07 0.078 0.07 0.06 0.05 0.04 0.03 0.02 0.01 0 0 0 0 0 0 0 0 0 0 0 0 0 0 0 0 0 0 0 0 0 0 0 0 0 0 0 0 0 0.01 0.02 0.03 0.04 0.04 0.04 0.04 0.04
0.206 0.2 0.194 0.188 0.183 0.176 0.169 0.162 0.155 0.148 0.142 0.136 0.13 0.125 0.12 0.114 0.108 0.102 0.098 0.094 0.089 0.085 0.08 0.076 0.072 0.067 0.063 0.06 0.06 0.06 0.06 0.06 0.06 0.063 0.067 0.072 0.078 0.08 0.07 0.06 0.05 0.04 0.03 0.02 0.01 0 0 0 0 0 0 0 0 0 0 0 0 0 0 0 0 0 0 0 0 0 0 0 0 0 0 0 0 0.01 0.014 0.022 0.031 0.041 0.05 0.05 0.05 0.05
0.21 0.208 0.202 0.197 0.191 0.183 0.176 0.169 0.162 0.156 0.15 0.144 0.138 0.134 0.128 0.122 0.116 0.111 0.107 0.102 0.098 0.094 0.089 0.085 0.08 0.076 0.072 0.07 0.07 0.07 0.07 0.07 0.07 0.072 0.076 0.08 0.086 0.08 0.07 0.06 0.05 0.04 0.03 0.02 0.01 0 0 0 0 0 0 0 0 0 0 0 0 0 0 0 0 0 0 0 0 0 0 0 0 0 0 0 0 0 0.01 0.02 0.028 0.036 0.044 0.053 0.06 0.056
0.2 0.2 0.2 0.2 0.197 0.191 0.183 0.176 0.17 0.164 0.158 0.152 0.147 0.142 0.136 0.13 0.125 0.12 0.116 0.111 0.107 0.102 0.098 0.094 0.089 0.085 0.082 0.08 0.08 0.08 0.08 0.08 0.08 0.082 0.085 0.089 0.084 0.076 0.067 0.058 0.05 0.04 0.03 0.02 0.01 0 0 0 0 0 0 0 0 0 0 0 0 0 0 0 0 0 0 0 0 0 0 0 0 0 0 0 0 0 0.01 0.014 0.022 0.031 0.041 0.05 0.06 0.063
0.19 0.19 0.19 0.19 0.19 0.191 0.191 0.184 0.178 0.172 0.166 0.161 0.156 0.15 0.144 0.138 0.134 0.13 0.125 0.12 0.116 0.111 0.107 0.102 0.098 0.094 0.092 0.09 0.09 0.09 0.09 0.09 0.09 0.092 0.092 0.084 0.078 0.07 0.063 0.053 0.044 0.036 0.028 0.02 0.01 0 0 0 0 0 0 0 0 0 0 0 0 0 0 0 0 0 0 0 0 0 0 0 0 0 0 0 0 0 0 0.01 0.02 0.03 0.04 0.05 0.058 0.067
0.18 0.18 0.18 0.18 0.18 0.181 0.182 0.184 0.186 0.18 0.174 0.17 0.164 0.158 0.152 0.147 0.143 0.138 0.134 0.13 0.125 0.12 0.116 0.111 0.107 0.104 0.101 0.1 0.1 0.1 0.1 0.1 0.1 0.094 0.086 0.078 0.07 0.064 0.056 0.05 0.041 0.031 0.022 0.014 0.01 0 0 0 0 0 0 0 0 0 0 0 0 0 0 0 0 0 0 0 0 0 0 0 0 0 0 0 0 0 0 0.01 0.02 0.028 0.036 0.044 0.053 0.063
0.17 0.17 0.17 0.17 0.17 0.171 0.172 0.174 0.177 0.18 0.181 0.178 0.172 0.166 0.161 0.156 0.152 0.147 0.143 0.138 0.134 0.13 0.125 0.12 0.117 0.114 0.111 0.11 0.11 0.11 0.11 0.106 0.098 0.089 0.08 0.072 0.064 0.056 0.05 0.042 0.036 0.028 0.02 0.01 0 0 0 0 0 0 0 0 0 0 0 0 0 0 0 0 0 0 0 0 0 0 0 0 0 0 0 0 0 0 0 0.01 0.014 0.022 0.031 0.041 0.05 0.06
0.16 0.16 0.16 0.16 0.16 0.161 0.162 0.164 0.167 0.17 0.171 0.172 0.174 0.174 0.17 0.165 0.161 0.156 0.152 0.147 0.143 0.138 0.134 0.13 0.126 0.123 0.121 0.12 0.12 0.113 0.106 0.098 0.092 0.084 0.076 0.067 0.058 0.05 0.042 0.036 0.028 0.022 0.014 0.01 0 0 0 0 0 0 0 0 0 0 0 0 0 0 0 0 0 0 0 0 0 0 0 0 0 0 0 0 0 0 0 0 0.01 0.02 0.03 0.04 0.05 0.058
0.15 0.15 0.15 0.15 0.15 0.151 0.152 0.155 0.158 0.16 0.161 0.162 0.164 0.167 0.17 0.17 0.17 0.165 0.161 0.156 0.152 0.147 0.143 0.139 0.136 0.133 0.127 0.12 0.113 0.106 0.098 0.092 0.084 0.078 0.07 0.063 0.053 0.044 0.036 0.028 0.022 0.014 0.01 0 0 0 0 0 0 0 0 0 0 0 0 0 0 0 0 0 0 0 0 0 0 0 0 0 0 0 0 0 0 0 0 0 0.01 0.02 0.028 0.036 0.044 0.053
0.14 0.14 0.14 0.14 0.14 0.141 0.143 0.145 0.148 0.15 0.151 0.152 0.155 0.158 0.16 0.16 0.16 0.161 0.162 0.164 0.161 0.156 0.15 0.142 0.134 0.127 0.12 0.113 0.106 0.098 0.092 0.084 0.078 0.07 0.064 0.056 0.05 0.041 0.031 0.022 0.014 0.01 0 0 0 0 0 0 0 0 0 0 0 0 0 0 0 0 0 0 0 0 0 0 0 0 0 0 0 0 0 0 0 0 0 0 0.01 0.014 0.022 0.031 0.041 0.05
0.13 0.13 0.13 0.13 0.13 0.131 0.133 0.136 0.139 0.14 0.141 0.143 0.145 0.148 0.15 0.15 0.15 0.151 0.152 0.155 0.152 0.147 0.143 0.136 0.128 0.12 0.113 0.106 0.098 0.092 0.084 0.078 0.07 0.064 0.056 0.05 0.042 0.036 0.028 0.02 0.01 0 0 0 0 0 0 0 0 0 0 0 0 0 0 0 0 0 0 0.01 0.01 0.01 0.01 0.01 0.01 0.01 0.01 0 0 0 0 0 0 0 0 0 0 0.01 0.02 0.028 0.036 0.042
