LOI200_dlc_km_scenario.asc
ncols         504
nrows         401
xllcorner     347695.93724505
yllcorner     611191.17937377
cellsize      10
NODATA_value  -9999
[rows 333 to 369 of 401, columns 82 to 163 of 504]
0.679 0.676 0.671 0.666 0.661 0.657 0.652 0.648 0.644 0.639 0.635 0.631 0.627 0.623 0.62 0.616 0.613 0.61 0.607 0.604 0.601 0.599 0.596 0.594 0.592 0.59 0.588 0.586 0.585 0.584 0.583 0.582 0.581 0.58 0.58 0.58 0.58 0.58 0.58 0.58 0.581 0.582 0.583 0.584 0.585 0.586 0.588 0.59 0.592 0.594 0.596 0.599 0.601 0.604 0.607 0.61 0.613 0.616 0.62 0.623 0.627 0.631 0.635 0.639 0.644 0.648 0.652 0.657 0.662 0.667 0.669 0.671 0.674 0.677 0.68 0.683 0.686 0.689 0.692 0.696 0.7 0.703
0.688 0.684 0.68 0.675 0.67 0.666 0.661 0.657 0.653 0.648 0.644 0.64 0.636 0.633 0.629 0.626 0.622 0.619 0.616 0.614 0.611 0.608 0.606 0.604 0.602 0.6 0.598 0.596 0.595 0.594 0.593 0.592 0.591 0.59 0.59 0.59 0.59 0.59 0.59 0.59 0.591 0.592 0.593 0.594 0.595 0.596 0.598 0.6 0.602 0.604 0.606 0.608 0.611 0.614 0.616 0.619 0.622 0.626 0.629 0.633 0.636 0.64 0.644 0.648 0.653 0.657 0.661 0.666 0.671 0.676 0.679 0.681 0.684 0.686 0.689 0.692 0.695 0.698 0.702 0.705 0.709 0.713
0.698 0.693 0.688 0.684 0.679 0.675 0.67 0.666 0.662 0.657 0.653 0.65 0.646 0.642 0.639 0.635 0.632 0.629 0.626 0.623 0.62 0.618 0.616 0.613 0.611 0.61 0.608 0.606 0.605 0.604 0.602 0.602 0.601 0.6 0.6 0.6 0.6 0.6 0.6 0.6 0.601 0.602 0.602 0.604 0.605 0.606 0.608 0.61 0.611 0.613 0.616 0.618 0.62 0.623 0.626 0.629 0.632 0.635 0.639 0.642 0.646 0.65 0.653 0.657 0.662 0.666 0.67 0.675 0.68 0.684 0.688 0.691 0.693 0.696 0.699 0.702 0.705 0.708 0.711 0.715 0.718 0.722
0.707 0.702 0.697 0.693 0.688 0.684 0.679 0.675 0.671 0.667 0.663 0.659 0.655 0.651 0.648 0.645 0.641 0.638 0.636 0.633 0.63 0.628 0.625 0.623 0.621 0.619 0.618 0.616 0.615 0.614 0.612 0.612 0.611 0.61 0.61 0.61 0.61 0.61 0.61 0.61 0.611 0.612 0.612 0.614 0.615 0.616 0.618 0.619 0.621 0.623 0.625 0.628 0.63 0.633 0.636 0.638 0.641 0.645 0.648 0.651 0.655 0.659 0.663 0.667 0.671 0.675 0.679 0.684 0.688 0.693 0.698 0.7 0.703 0.706 0.708 0.711 0.714 0.717 0.721 0.724 0.728 0.731
0.715 0.711 0.706 0.702 0.697 0.693 0.688 0.684 0.68 0.676 0.672 0.668 0.664 0.661 0.657 0.654 0.651 0.648 0.645 0.642 0.64 0.637 0.635 0.633 0.631 0.629 0.628 0.626 0.625 0.623 0.622 0.622 0.621 0.62 0.62 0.62 0.62 0.62 0.62 0.62 0.621 0.622 0.622 0.623 0.625 0.626 0.628 0.629 0.631 0.633 0.635 0.637 0.64 0.642 0.645 0.648 0.651 0.654 0.657 0.661 0.664 0.668 0.672 0.676 0.68 0.684 0.688 0.693 0.697 0.702 0.707 0.71 0.713 0.715 0.718 0.721 0.724 0.727 0.73 0.733 0.737 0.74
0.724 0.72 0.715 0.711 0.706 0.702 0.697 0.693 0.689 0.685 0.681 0.677 0.674 0.67 0.667 0.664 0.66 0.658 0.655 0.652 0.65 0.647 0.645 0.643 0.641 0.639 0.637 0.636 0.635 0.633 0.632 0.631 0.631 0.63 0.63 0.63 0.63 0.63 0.63 0.63 0.631 0.631 0.632 0.633 0.635 0.636 0.637 0.639 0.641 0.643 0.645 0.647 0.65 0.652 0.655 0.658 0.66 0.664 0.667 0.67 0.674 0.677 0.681 0.685 0.689 0.693 0.697 0.702 0.706 0.711 0.715 0.72 0.722 0.725 0.728 0.73 0.733 0.736 0.74 0.743 0.746 0.75
0.733 0.728 0.724 0.72 0.715 0.711 0.706 0.702 0.698 0.694 0.69 0.687 0.683 0.68 0.676 0.673 0.67 0.667 0.664 0.662 0.659 0.657 0.655 0.653 0.651 0.649 0.647 0.646 0.644 0.643 0.642 0.641 0.641 0.64 0.64 0.64 0.64 0.64 0.64 0.64 0.641 0.641 0.642 0.643 0.644 0.646 0.647 0.649 0.651 0.653 0.655 0.657 0.659 0.662 0.664 0.667 0.67 0.673 0.676 0.68 0.683 0.687 0.69 0.694 0.698 0.702 0.706 0.711 0.715 0.72 0.724 0.729 0.732 0.734 0.737 0.74 0.743 0.746 0.749 0.752 0.756 0.759
0.742 0.737 0.733 0.728 0.724 0.72 0.715 0.711 0.707 0.703 0.7 0.696 0.692 0.689 0.686 0.683 0.68 0.677 0.674 0.671 0.669 0.667 0.664 0.662 0.66 0.659 0.657 0.656 0.654 0.653 0.652 0.651 0.651 0.65 0.65 0.65 0.65 0.65 0.65 0.65 0.651 0.651 0.652 0.653 0.654 0.656 0.657 0.659 0.66 0.662 0.664 0.667 0.669 0.671 0.674 0.677 0.68 0.683 0.686 0.689 0.692 0.696 0.7 0.703 0.707 0.711 0.715 0.72 0.724 0.728 0.733 0.738 0.742 0.744 0.747 0.75 0.752 0.755 0.758 0.762 0.765 0.768
0.751 0.746 0.742 0.737 0.733 0.729 0.724 0.72 0.716 0.713 0.709 0.705 0.702 0.698 0.695 0.692 0.689 0.686 0.684 0.681 0.679 0.676 0.674 0.672 0.67 0.669 0.667 0.666 0.664 0.663 0.662 0.661 0.661 0.66 0.66 0.66 0.66 0.66 0.66 0.66 0.661 0.661 0.662 0.663 0.664 0.666 0.667 0.669 0.67 0.672 0.674 0.676 0.679 0.681 0.684 0.686 0.689 0.692 0.695 0.698 0.702 0.705 0.709 0.713 0.716 0.72 0.724 0.729 0.733 0.737 0.742 0.747 0.751 0.754 0.756 0.759 0.762 0.765 0.768 0.771 0.774 0.778
0.76 0.755 0.751 0.746 0.742 0.738 0.734 0.73 0.726 0.722 0.718 0.715 0.711 0.708 0.705 0.702 0.699 0.696 0.693 0.691 0.688 0.686 0.684 0.682 0.68 0.678 0.677 0.676 0.674 0.673 0.672 0.671 0.671 0.67 0.67 0.67 0.67 0.67 0.67 0.67 0.671 0.671 0.672 0.673 0.674 0.676 0.677 0.678 0.68 0.682 0.684 0.686 0.688 0.691 0.693 0.696 0.699 0.702 0.705 0.708 0.711 0.715 0.718 0.722 0.726 0.73 0.734 0.738 0.742 0.746 0.751 0.755 0.76 0.764 0.766 0.769 0.772 0.774 0.777 0.781 0.784 0.787
0.769 0.764 0.76 0.755 0.751 0.747 0.743 0.739 0.735 0.731 0.728 0.724 0.721 0.717 0.714 0.711 0.708 0.706 0.703 0.7 0.698 0.696 0.694 0.692 0.69 0.688 0.687 0.685 0.684 0.683 0.682 0.681 0.681 0.68 0.68 0.68 0.68 0.68 0.68 0.68 0.681 0.681 0.682 0.683 0.684 0.685 0.687 0.688 0.69 0.692 0.694 0.696 0.698 0.7 0.703 0.706 0.708 0.711 0.714 0.717 0.721 0.724 0.728 0.731 0.735 0.739 0.743 0.747 0.751 0.755 0.76 0.764 0.769 0.773 0.776 0.778 0.781 0.784 0.787 0.79 0.793 0.797
0.778 0.773 0.769 0.764 0.76 0.756 0.752 0.748 0.744 0.74 0.737 0.733 0.73 0.727 0.724 0.721 0.718 0.715 0.713 0.71 0.708 0.706 0.704 0.702 0.7 0.698 0.697 0.695 0.694 0.693 0.692 0.691 0.691 0.69 0.69 0.69 0.69 0.69 0.69 0.69 0.691 0.691 0.692 0.693 0.694 0.695 0.697 0.698 0.7 0.702 0.704 0.706 0.708 0.71 0.713 0.715 0.718 0.721 0.724 0.727 0.73 0.733 0.737 0.74 0.744 0.748 0.752 0.756 0.76 0.764 0.769 0.773 0.778 0.782 0.785 0.788 0.791 0.794 0.796 0.8 0.803 0.806
0.787 0.782 0.778 0.773 0.769 0.765 0.761 0.757 0.753 0.75 0.746 0.743 0.74 0.736 0.733 0.73 0.728 0.725 0.722 0.72 0.718 0.715 0.713 0.711 0.71 0.708 0.707 0.705 0.704 0.703 0.702 0.701 0.701 0.7 0.7 0.7 0.7 0.7 0.7 0.7 0.701 0.701 0.702 0.703 0.704 0.705 0.707 0.708 0.71 0.711 0.713 0.715 0.718 0.72 0.722 0.725 0.728 0.73 0.733 0.736 0.74 0.743 0.746 0.75 0.753 0.757 0.761 0.765 0.769 0.773 0.778 0.782 0.787 0.791 0.795 0.798 0.8 0.803 0.806 0.809 0.812 0.815
0.796 0.791 0.787 0.782 0.778 0.774 0.77 0.766 0.763 0.759 0.756 0.752 0.749 0.746 0.743 0.74 0.737 0.734 0.732 0.73 0.727 0.725 0.723 0.721 0.72 0.718 0.717 0.715 0.714 0.713 0.712 0.711 0.711 0.71 0.71 0.71 0.71 0.71 0.71 0.71 0.711 0.711 0.712 0.713 0.714 0.715 0.717 0.718 0.72 0.721 0.723 0.725 0.727 0.73 0.732 0.734 0.737 0.74 0.743 0.746 0.749 0.752 0.756 0.759 0.763 0.766 0.77 0.774 0.778 0.782 0.787 0.791 0.796 0.8 0.805 0.807 0.81 0.813 0.816 0.819 0.822 0.825
0.804 0.8 0.796 0.792 0.787 0.783 0.78 0.776 0.772 0.768 0.765 0.762 0.758 0.755 0.752 0.75 0.747 0.744 0.742 0.739 0.737 0.735 0.733 0.731 0.729 0.728 0.726 0.725 0.724 0.723 0.722 0.721 0.721 0.72 0.72 0.72 0.72 0.72 0.72 0.72 0.721 0.721 0.722 0.723 0.724 0.725 0.726 0.728 0.729 0.731 0.733 0.735 0.737 0.739 0.742 0.744 0.747 0.75 0.752 0.755 0.758 0.762 0.765 0.768 0.772 0.776 0.78 0.783 0.787 0.792 0.796 0.8 0.804 0.809 0.814 0.817 0.82 0.822 0.825 0.828 0.831 0.834
0.813 0.809 0.805 0.801 0.797 0.793 0.789 0.785 0.781 0.778 0.774 0.771 0.768 0.765 0.762 0.759 0.756 0.754 0.751 0.749 0.747 0.745 0.743 0.741 0.739 0.738 0.736 0.735 0.734 0.733 0.732 0.731 0.731 0.73 0.73 0.73 0.73 0.73 0.73 0.73 0.731 0.731 0.732 0.733 0.734 0.735 0.736 0.738 0.739 0.741 0.743 0.745 0.747 0.749 0.751 0.754 0.756 0.759 0.762 0.765 0.768 0.771 0.774 0.778 0.781 0.785 0.789 0.793 0.797 0.801 0.805 0.809 0.813 0.818 0.822 0.827 0.829 0.832 0.835 0.838 0.841 0.844
0.822 0.818 0.814 0.81 0.806 0.802 0.798 0.794 0.791 0.787 0.784 0.781 0.777 0.774 0.772 0.769 0.766 0.764 0.761 0.759 0.757 0.755 0.753 0.751 0.749 0.748 0.746 0.745 0.744 0.743 0.742 0.741 0.741 0.74 0.74 0.74 0.74 0.74 0.74 0.74 0.741 0.741 0.742 0.743 0.744 0.745 0.746 0.748 0.749 0.751 0.753 0.755 0.757 0.759 0.761 0.764 0.766 0.769 0.772 0.774 0.777 0.781 0.784 0.787 0.791 0.794 0.798 0.802 0.806 0.81 0.814 0.818 0.822 0.827 0.831 0.836 0.839 0.842 0.844 0.847 0.85 0.853
0.831 0.827 0.823 0.819 0.815 0.811 0.807 0.804 0.8 0.797 0.793 0.79 0.787 0.784 0.781 0.778 0.776 0.773 0.771 0.769 0.766 0.764 0.762 0.761 0.759 0.758 0.756 0.755 0.754 0.753 0.752 0.751 0.751 0.75 0.75 0.75 0.75 0.75 0.75 0.75 0.751 0.751 0.752 0.753 0.754 0.755 0.756 0.758 0.759 0.761 0.762 0.764 0.766 0.769 0.771 0.773 0.776 0.778 0.781 0.784 0.787 0.79 0.793 0.797 0.8 0.804 0.807 0.811 0.815 0.819 0.823 0.827 0.831 0.836 0.84 0.845 0.848 0.851 0.854 0.857 0.86 0.863
0.84 0.836 0.832 0.828 0.824 0.82 0.817 0.813 0.809 0.806 0.803 0.8 0.796 0.794 0.791 0.788 0.785 0.783 0.781 0.778 0.776 0.774 0.772 0.771 0.769 0.767 0.766 0.765 0.764 0.763 0.762 0.761 0.761 0.76 0.76 0.76 0.76 0.76 0.76 0.76 0.761 0.761 0.762 0.763 0.764 0.765 0.766 0.767 0.769 0.771 0.772 0.774 0.776 0.778 0.781 0.783 0.785 0.788 0.791 0.794 0.796 0.8 0.803 0.806 0.809 0.813 0.817 0.82 0.824 0.828 0.832 0.836 0.84 0.845 0.849 0.854 0.858 0.861 0.864 0.866 0.869 0.872
0.85 0.845 0.841 0.837 0.833 0.83 0.826 0.822 0.819 0.815 0.812 0.809 0.806 0.803 0.8 0.798 0.795 0.793 0.79 0.788 0.786 0.784 0.782 0.78 0.779 0.777 0.776 0.775 0.774 0.773 0.772 0.771 0.771 0.77 0.77 0.77 0.77 0.77 0.77 0.77 0.771 0.771 0.772 0.773 0.774 0.775 0.776 0.777 0.779 0.78 0.782 0.784 0.786 0.788 0.79 0.793 0.795 0.798 0.8 0.803 0.806 0.809 0.812 0.815 0.819 0.822 0.826 0.83 0.833 0.837 0.841 0.845 0.85 0.854 0.858 0.863 0.867 0.87 0.873 0.876 0.879 0.882
0.859 0.854 0.85 0.846 0.843 0.839 0.835 0.832 0.828 0.825 0.822 0.819 0.816 0.813 0.81 0.807 0.805 0.802 0.8 0.798 0.796 0.794 0.792 0.79 0.789 0.787 0.786 0.785 0.784 0.783 0.782 0.781 0.781 0.78 0.78 0.78 0.78 0.78 0.78 0.78 0.781 0.781 0.782 0.783 0.784 0.785 0.786 0.787 0.789 0.79 0.792 0.794 0.796 0.798 0.8 0.802 0.805 0.807 0.81 0.813 0.816 0.819 0.822 0.825 0.828 0.832 0.835 0.839 0.843 0.846 0.85 0.854 0.859 0.863 0.867 0.872 0.876 0.88 0.883 0.886 0.888 0.891
0.868 0.864 0.86 0.856 0.852 0.848 0.845 0.841 0.838 0.834 0.831 0.828 0.825 0.822 0.82 0.817 0.814 0.812 0.81 0.808 0.806 0.804 0.802 0.8 0.799 0.797 0.796 0.795 0.794 0.793 0.792 0.791 0.791 0.79 0.79 0.79 0.79 0.79 0.79 0.79 0.791 0.791 0.792 0.793 0.794 0.795 0.796 0.797 0.799 0.8 0.802 0.804 0.806 0.808 0.81 0.812 0.814 0.817 0.82 0.822 0.825 0.828 0.831 0.834 0.838 0.841 0.845 0.848 0.852 0.856 0.86 0.864 0.868 0.872 0.876 0.881 0.885 0.89 0.892 0.895 0.898 0.901
-9999 -9999 -9999 -9999 -9999 -9999 -9999 -9999 0.847 0.844 0.841 0.838 0.835 0.832 0.829 0.827 0.824 0.822 0.82 0.817 0.815 0.813 0.812 0.81 0.808 0.807 0.806 0.805 0.803 0.803 0.802 0.801 0.8 0.8 0.8 0.8 0.8 0.8 0.8 0.8 0.8 0.801 0.802 0.803 0.803 0.805 0.806 0.807 0.808 0.81 0.812 0.813 0.815 0.817 0.82 0.822 0.824 0.827 0.829 0.832 0.835 0.838 0.841 0.844 0.847 0.85 0.854 0.857 0.861 0.865 0.869 0.873 0.877 0.881 0.885 0.89 0.894 0.898 0.902 0.905 0.908 0.91
-9999 -9999 -9999 -9999 -9999 -9999 -9999 -9999 0.857 0.853 0.85 0.847 0.844 0.842 0.839 0.836 0.834 0.831 0.829 0.827 0.825 0.823 0.822 0.82 0.818 0.817 0.816 0.814 0.813 0.813 0.812 0.811 0.81 0.81 0.81 0.81 0.81 0.81 0.81 0.81 0.81 0.811 0.812 0.813 0.813 0.814 0.816 0.817 0.818 0.82 0.822 0.823 0.825 0.827 0.829 0.831 0.834 0.836 0.839 0.842 0.844 0.847 0.85 0.853 0.857 0.86 0.863 0.867 0.87 0.874 0.878 0.882 0.886 0.89 0.894 0.898 0.903 0.907 0.912 0.914 0.917 0.92
-9999 -9999 -9999 -9999 -9999 -9999 -9999 -9999 0.866 0.863 0.86 0.857 0.854 0.851 0.848 0.846 0.844 0.841 0.839 0.837 0.835 0.833 0.831 0.83 0.828 0.827 0.826 0.824 0.823 0.822 0.822 0.821 0.82 0.82 0.82 0.82 0.82 0.82 0.82 0.82 0.82 0.821 0.822 0.822 0.823 0.824 0.826 0.827 0.828 0.83 0.831 0.833 0.835 0.837 0.839 0.841 0.844 0.846 0.848 0.851 0.854 0.857 0.86 0.863 0.866 0.869 0.873 0.876 0.88 0.883 0.887 0.891 0.895 0.899 0.903 0.908 0.912 0.916 0.921 0.924 0.927 0.93
-9999 -9999 -9999 -9999 -9999 -9999 -9999 -9999 0.875 0.872 0.869 0.866 0.864 0.861 0.858 0.856 0.853 0.851 0.849 0.847 0.845 0.843 0.841 0.84 0.838 0.837 0.836 0.834 0.833 0.832 0.832 0.831 0.83 0.83 0.83 0.83 0.83 0.83 0.83 0.83 0.83 0.831 0.832 0.832 0.833 0.834 0.836 0.837 0.838 0.84 0.841 0.843 0.845 0.847 0.849 0.851 0.853 0.856 0.858 0.861 0.864 0.866 0.869 0.872 0.875 0.879 0.882 0.886 0.889 0.893 0.896 0.9 0.904 0.908 0.912 0.917 0.921 0.925 0.93 0.934 0.936 0.939
-9999 -9999 -9999 -9999 -9999 -9999 -9999 -9999 0.885 0.882 0.879 0.876 0.873 0.87 0.868 0.865 0.863 0.861 0.859 0.857 0.855 0.853 0.851 0.85 0.848 0.847 0.845 0.844 0.843 0.842 0.842 0.841 0.84 0.84 0.84 0.84 0.84 0.84 0.84 0.84 0.84 0.841 0.842 0.842 0.843 0.844 0.845 0.847 0.848 0.85 0.851 0.853 0.855 0.857 0.859 0.861 0.863 0.865 0.868 0.87 0.873 0.876 0.879 0.882 0.885 0.888 0.891 0.895 0.898 0.902 0.906 0.91 0.913 0.917 0.921 0.926 0.93 0.934 0.939 0.943 0.946 0.949
-9999 -9999 -9999 -9999 -9999 -9999 -9999 -9999 0.894 0.891 0.888 0.886 0.883 0.88 0.878 0.875 0.873 0.87 0.868 0.866 0.864 0.863 0.861 0.859 0.858 0.857 0.855 0.854 0.853 0.852 0.852 0.851 0.85 0.85 0.85 0.85 0.85 0.85 0.85 0.85 0.85 0.851 0.852 0.852 0.853 0.854 0.855 0.857 0.858 0.859 0.861 0.863 0.864 0.866 0.868 0.87 0.873 0.875 0.878 0.88 0.883 0.886 0.888 0.891 0.894 0.898 0.901 0.904 0.908 0.911 0.915 0.919 0.923 0.927 0.931 0.935 0.939 0.943 0.948 0.952 0.956 0.958
-9999 -9999 -9999 -9999 -9999 -9999 -9999 -9999 0.904 0.901 0.898 0.895 0.892 0.89 0.887 0.885 0.882 0.88 0.878 0.876 0.874 0.872 0.871 0.869 0.868 0.867 0.865 0.864 0.863 0.862 0.862 0.861 0.86 0.86 0.86 0.86 0.86 0.86 0.86 0.86 0.86 0.861 0.862 0.862 0.863 0.864 0.865 0.867 0.868 0.869 0.871 0.872 0.874 0.876 0.878 0.88 0.882 0.885 0.887 0.89 0.892 0.895 0.898 0.901 0.904 0.907 0.91 0.914 0.917 0.921 0.924 0.928 0.932 0.936 0.94 0.944 0.948 0.952 0.957 0.961 0.965 0.968
-9999 -9999 -9999 -9999 -9999 -9999 -9999 -9999 0.913 0.91 0.908 0.905 0.902 0.899 0.897 0.894 0.892 0.89 0.888 0.886 0.884 0.882 0.881 0.879 0.878 0.876 0.875 0.874 0.873 0.872 0.872 0.871 0.87 0.87 0.87 0.87 0.87 0.87 0.87 0.87 0.87 0.871 0.872 0.872 0.873 0.874 0.875 0.876 0.878 0.879 0.881 0.882 0.884 0.886 0.888 0.89 0.892 0.894 0.897 0.899 0.902 0.905 0.908 0.91 0.913 0.917 0.92 0.923 0.926 0.93 0.934 0.937 0.941 0.945 0.949 0.953 0.957 0.961 0.966 0.97 0.974 0.978
-9999 -9999 -9999 -9999 -9999 -9999 -9999 -9999 0.923 0.92 0.917 0.914 0.912 0.909 0.907 0.904 0.902 0.9 0.898 0.896 0.894 0.892 0.891 0.889 0.888 0.886 0.885 0.884 0.883 0.882 0.882 0.881 0.88 0.88 0.88 0.88 0.88 0.88 0.88 0.88 0.88 0.881 0.882 0.882 0.883 0.884 0.885 0.886 0.888 0.889 0.891 0.892 0.894 0.896 0.898 0.9 0.902 0.904 0.907 0.909 0.912 0.914 0.917 0.92 0.923 0.926 0.929 0.933 0.936 0.939 0.943 0.947 0.95 0.954 0.958 0.962 0.966 0.97 0.975 0.979 0.983 0.987
-9999 -9999 -9999 -9999 -9999 -9999 -9999 -9999 0.933 0.93 0.927 0.924 0.921 0.919 0.916 0.914 0.912 0.91 0.908 0.906 0.904 0.902 0.9 0.899 0.898 0.896 0.895 0.894 0.893 0.892 0.892 0.891 0.89 0.89 0.89 0.89 0.89 0.89 0.89 0.89 0.89 0.891 0.892 0.892 0.893 0.894 0.895 0.896 0.898 0.899 0.9 0.902 0.904 0.906 0.908 0.91 0.912 0.914 0.916 0.919 0.921 0.924 0.927 0.93 0.933 0.936 0.939 0.942 0.945 0.949 0.952 0.956 0.96 0.963 0.967 0.971 0.975 0.979 0.984 0.988 0.992 0.997
-9999 -9999 -9999 -9999 -9999 -9999 -9999 -9999 0.942 0.939 0.936 0.934 0.931 0.928 0.926 0.924 0.921 0.919 0.917 0.915 0.914 0.912 0.91 0.909 0.907 0.906 0.905 0.904 0.903 0.902 0.901 0.901 0.9 0.9 0.9 0.9 0.9 0.9 0.9 0.9 0.9 0.901 0.901 0.902 0.903 0.904 0.905 0.906 0.907 0.909 0.91 0.912 0.914 0.915 0.917 0.919 0.921 0.924 0.926 0.928 0.931 0.934 0.936 0.939 0.942 0.945 0.948 0.951 0.955 0.958 0.962 0.965 0.969 0.973 0.976 0.98 0.984 0.988 0.993 0.997 1.001 1.006
-9999 -9999 -9999 -9999 -9999 -9999 -9999 -9999 0.952 0.949 0.946 0.943 0.941 0.938 0.936 0.933 0.931 0.929 0.927 0.925 0.923 0.922 0.92 0.919 0.917 0.916 0.915 0.914 0.913 0.912 0.911 0.911 0.91 0.91 0.91 0.91 0.91 0.91 0.91 0.91 0.91 0.911 0.911 0.912 0.913 0.914 0.915 0.916 0.917 0.919 0.92 0.922 0.923 0.925 0.927 0.929 0.931 0.933 0.936 0.938 0.941 0.943 0.946 0.949 0.952 0.955 0.958 0.961 0.964 0.967 0.971 0.974 0.978 0.982 0.986 0.99 0.994 0.998 1.002 1.006 1.01 1.015
-9999 -9999 -9999 -9999 -9999 -9999 -9999 -9999 0.961 0.958 0.956 0.953 0.95 0.948 0.945 0.943 0.941 0.939 0.937 0.935 0.933 0.932 0.93 0.929 0.927 0.926 0.925 0.924 0.923 0.922 0.921 0.921 0.92 0.92 0.92 0.92 0.92 0.92 0.92 0.92 0.92 0.921 0.921 0.922 0.923 0.924 0.925 0.926 0.927 0.929 0.93 0.932 0.933 0.935 0.937 0.939 0.941 0.943 0.945 0.948 0.95 0.953 0.956 0.958 0.961 0.964 0.967 0.97 0.974 0.977 0.98 0.984 0.987 0.991 0.995 0.999 1.003 1.007 1.011 1.015 1.019 1.024
-9999 -9999 -9999 -9999 -9999 -9999 -9999 -9999 0.971 0.968 0.965 0.963 0.96 0.958 0.955 0.953 0.951 0.949 0.947 0.945 0.943 0.942 0.94 0.939 0.937 0.936 0.935 0.934 0.933 0.932 0.931 0.931 0.93 0.93 0.93 0.93 0.93 0.93 0.93 0.93 0.93 0.931 0.931 0.932 0.933 0.934 0.935 0.936 0.937 0.939 0.94 0.942 0.943 0.945 0.947 0.949 0.951 0.953 0.955 0.958 0.96 0.963 0.965 0.968 0.971 0.974 0.977 0.98 0.983 0.986 0.99 0.993 0.997 1 1.004 1.008 1.012 1.016 1.02 1.024 1.028 1.033
-9999 -9999 -9999 -9999 -9999 -9999 -9999 -9999 0.98 0.978 0.975 0.972 0.97 0.967 0.965 0.963 0.961 0.959 0.957 0.955 0.953 0.951 0.95 0.948 0.947 0.946 0.945 0.944 0.943 0.942 0.941 0.941 0.94 0.94 0.94 0.94 0.94 0.94 0.94 0.94 0.94 0.941 0.941 0.942 0.943 0.944 0.945 0.946 0.947 0.948 0.95 0.951 0.953 0.955 0.957 0.959 0.961 0.963 0.965 0.967 0.97 0.972 0.975 0.978 0.98 0.983 0.986 0.989 0.992 0.996 0.999 1.003 1.006 1.01 1.013 1.017 1.021 1.025 1.029 1.033 1.037 1.042
