LOI200_MeanBA_m.asc
ncols         504
nrows         401
xllcorner     347695.93724505
yllcorner     611191.17937377
cellsize      10
NODATA_value  -9999
[rows 30 to 59 of 401, columns 68 to 135 of 504]
13.829 13.9439 14.0589 14.1848 14.3089 14.4329 14.5807 14.7158 14.8599 15.0041 15.1591 15.3124 15.4657 15.5825 15.4858 15.3343 15.13 15.0223 14.9365 14.8654 14.8198 14.796 14.7541 14.7468 14.7231 14.7194 14.6793 14.6647 14.6428 14.6464 14.6665 14.7103 14.7741 14.8654 14.942 15.0478 15.1446 15.2559 15.3526 15.4602 15.5679 15.7047 15.8288 15.9784 16.1007 16.2485 16.3926 16.5623 16.7302 16.9236 17.1407 17.3797 17.6334 17.9855 18.3048 18.5749 18.699 18.8121 18.9289 19.0493 19.1807 19.3139 19.4525 19.5803 19.708 19.8175 19.9269 19.9945
14.0443 14.1483 14.2632 14.3764 14.4895 14.6136 14.7486 14.8818 15.015 15.1591 15.3015 15.4438 15.5496 15.6062 15.4949 15.3307 15.1245 15.0168 14.9183 14.8453 14.796 14.7596 14.7431 14.734 14.7121 14.7085 14.6683 14.6519 14.6282 14.6428 14.6665 14.7048 14.7778 14.869 14.9457 15.057 15.1555 15.2668 15.3617 15.4693 15.5825 15.7193 15.8434 15.993 16.1153 16.2685 16.4255 16.6061 16.774 16.9546 17.1717 17.398 17.648 17.9965 18.3085 18.5749 18.6935 18.8011 18.9216 19.042 19.1661 19.3029 19.4398 19.5711 19.6916 19.812 19.9215 19.9872
14.2395 14.3417 14.4439 14.5461 14.6592 14.7833 14.9055 15.0278 15.1591 15.2905 15.4091 15.504 15.5624 15.6062 15.4931 15.327 15.1208 14.9986 14.9019 14.8252 14.7741 14.7486 14.7322 14.7249 14.6993 14.6975 14.6574 14.6464 14.6209 14.6391 14.6574 14.7048 14.7778 14.8672 14.9493 15.0606 15.1591 15.2705 15.3672 15.4803 15.5916 15.7284 15.8525 16.0021 16.1426 16.2959 16.4528 16.6335 16.8141 16.9947 17.1845 17.4108 17.6607 18.0111 18.3231 18.5785 18.6917 18.7957 18.907 19.0274 19.1569 19.292 19.427 19.5565 19.6751 19.7937 19.9014 19.9707
14.4238 14.515 14.6172 14.7176 14.8179 14.942 15.0533 15.1737 15.2814 15.3763 15.4474 15.5058 15.5642 15.6062 15.4931 15.3252 15.1044 14.984 14.8855 14.8088 14.7687 14.7395 14.7231 14.7139 14.7012 14.6866 14.6482 14.6355 14.6209 14.6373 14.6537 14.7066 14.7778 14.8672 14.9475 15.0588 15.1573 15.2686 15.3708 15.4839 15.5971 15.7339 15.8708 16.0259 16.1664 16.3196 16.4747 16.6572 16.8378 17.0166 17.2064 17.4199 17.6753 18.0257 18.334 18.5913 18.699 18.8011 18.9106 19.031 19.1551 19.281 19.4087 19.531 19.6551 19.7718 19.8832 19.9507
14.5461 14.6501 14.7413 14.8417 14.942 15.0405 15.15 15.2467 15.3325 15.3927 15.4529 15.5095 15.566 15.608 15.4931 15.3252 15.0898 14.9694 14.8709 14.8052 14.7632 14.7322 14.7139 14.7048 14.692 14.6756 14.6592 14.6318 14.6209 14.6373 14.6519 14.703 14.7741 14.8672 14.9475 15.0588 15.1555 15.2668 15.369 15.4821 15.608 15.7449 15.8872 16.0423 16.1828 16.336 16.493 16.6645 16.8506 17.0477 17.2484 17.4673 17.71 18.0622 18.3778 18.6442 18.761 18.8687 18.9781 19.0821 19.1953 19.312 19.4306 19.5511 19.6715 19.77 19.8759 19.947
14.6592 14.7504 14.8398 14.9292 15.0296 15.1281 15.2157 15.2778 15.3398 15.4 15.4584 15.515 15.5697 15.6098 15.4949 15.3124 15.0789 14.9566 14.8563 14.8033 14.7614 14.7285 14.7066 14.6975 14.6847 14.6665 14.6501 14.6282 14.63 14.6446 14.6647 14.7139 14.7833 14.8636 14.9566 15.0606 15.1573 15.2741 15.3745 15.4876 15.6135 15.7503 15.8927 16.0478 16.1992 16.3488 16.5112 16.6882 16.8853 17.0878 17.3013 17.5257 17.7629 18.1224 18.4472 18.719 18.8413 18.9453 19.0548 19.1588 19.2682 19.3668 19.469 19.5803 19.6934 19.7956 19.8813 19.9525
14.7504 14.8289 14.9183 15.0077 15.0953 15.161 15.2267 15.2887 15.3489 15.4073 15.4657 15.5204 15.5752 15.6135 15.4967 15.3033 15.0679 14.9438 14.8544 14.8033 14.7596 14.7267 14.703 14.692 14.6774 14.661 14.6428 14.6245 14.6264 14.6391 14.672 14.7212 14.796 14.869 14.9603 15.0643 15.161 15.2759 15.3763 15.4894 15.6135 15.7558 15.9146 16.0715 16.2284 16.3835 16.5568 16.7338 16.9309 17.1389 17.3706 17.6023 17.8414 18.1935 18.5256 18.8011 18.9234 19.0274 19.1369 19.2409 19.3394 19.4379 19.5365 19.635 19.7299 19.8248 19.9087 19.9598
14.8216 14.9 14.9767 15.0424 15.1081 15.1737 15.2376 15.2996 15.3599 15.4164 15.473 15.5277 15.5806 15.619 15.4894 15.2942 15.057 14.9329 14.8563 14.8033 14.7596 14.7267 14.703 14.6884 14.6738 14.6555 14.6355 14.6172 14.6172 14.6355 14.6683 14.7158 14.7833 14.8563 14.9475 15.0497 15.1591 15.2595 15.3599 15.4712 15.6171 15.7814 15.9456 16.108 16.2758 16.4364 16.6079 16.7922 16.9947 17.2082 17.4473 17.6936 17.9417 18.2866 18.6187 18.8942 19.0164 19.1205 19.219 19.323 19.4215 19.5146 19.6076 19.7007 19.7937 19.8704 19.9361 19.9963
14.8617 14.9274 14.9931 15.0588 15.1227 15.1865 15.2504 15.3106 15.3708 15.4274 15.4821 15.535 15.5879 15.6263 15.4821 15.285 15.0478 14.9347 14.8581 14.8033 14.7614 14.7267 14.703 14.6884 14.672 14.6519 14.63 14.6118 14.6118 14.6282 14.6647 14.7066 14.7741 14.8453 14.9292 15.0314 15.1409 15.2394 15.3599 15.504 15.6609 15.8306 16.0003 16.1682 16.336 16.5003 16.6791 16.8688 17.0714 17.2922 17.5385 17.7994 18.0476 18.3924 18.7117 18.9873 19.104 19.208 19.312 19.4106 19.5036 19.5967 19.6897 19.7718 19.854 19.9306 19.9908 20.0401
14.88 14.9457 15.0114 15.0752 15.1391 15.2011 15.2632 15.3234 15.3818 15.4383 15.4931 15.546 15.5971 15.6208 15.4766 15.2778 15.0387 14.9384 14.8617 14.807 14.7632 14.7285 14.7048 14.6902 14.672 14.6519 14.6282 14.6136 14.6118 14.6282 14.6592 14.6993 14.7596 14.8307 14.9201 15.0369 15.1664 15.2869 15.4182 15.5624 15.7248 15.9 16.0751 16.2466 16.42 16.5915 16.7703 16.9619 17.1699 17.3907 17.637 17.9034 18.1643 18.5092 18.8103 19.0858 19.208 19.3066 19.4051 19.4982 19.5912 19.6788 19.7609 19.843 19.9196 19.9853 20.0455 20.0948
14.9 14.9657 15.0296 15.0935 15.1555 15.2175 15.2778 15.3361 15.3945 15.4511 15.5058 15.5569 15.6062 15.6171 15.4712 15.2705 15.0442 14.9438 14.8654 14.8106 14.765 14.7322 14.7066 14.692 14.6738 14.6574 14.6337 14.6136 14.6099 14.63 14.6647 14.7158 14.776 14.8508 14.9548 15.088 15.2285 15.3599 15.4967 15.6518 15.8197 15.9985 16.1737 16.347 16.5203 16.6937 16.8816 17.0823 17.2849 17.5002 17.741 18.0019 18.2756 18.6205 18.927 19.1843 19.3011 19.4051 19.5036 19.5912 19.6733 19.7609 19.843 19.9142 19.9908 20.0565 20.1058 20.1495
14.9219 14.9858 15.0497 15.1117 15.1737 15.234 15.2942 15.3526 15.4091 15.4657 15.5186 15.5697 15.6171 15.6135 15.4657 15.2668 15.0515 14.9493 14.8709 14.8161 14.7705 14.7358 14.7103 14.6939 14.6756 14.6519 14.6337 14.6191 14.6209 14.6519 14.6957 14.7504 14.8143 14.9 15.0095 15.1537 15.3051 15.442 15.5788 15.7376 15.9109 16.097 16.2777 16.4583 16.6335 16.8086 16.9966 17.1918 17.3998 17.6206 17.8505 18.1114 18.3924 18.7373 19.0383 19.2883 19.4051 19.5036 19.5967 19.6843 19.7664 19.843 19.9251 19.9908 20.0565 20.1167 20.166 20.1933
14.9457 15.0095 15.0716 15.1336 15.1938 15.254 15.3124 15.3708 15.4255 15.4803 15.5314 15.5825 15.6281 15.6098 15.4639 15.2632 15.0588 14.9566 14.8782 14.8216 14.776 14.7395 14.7139 14.6975 14.6774 14.6574 14.6464 14.641 14.6537 14.6902 14.7395 14.8052 14.8745 14.9603 15.0807 15.2303 15.3799 15.5223 15.6646 15.8251 16.004 16.1955 16.3817 16.5678 16.7484 16.9291 17.117 17.3122 17.5202 17.7355 17.9709 18.2264 18.5201 18.8595 19.1606 19.3923 19.5036 19.6022 19.6952 19.7773 19.8594 19.9306 20.0018 20.0674 20.1277 20.1769 20.2152 20.2371
14.9712 15.0351 15.0953 15.1555 15.2157 15.2741 15.3325 15.3891 15.442 15.4949 15.546 15.5952 15.6427 15.6098 15.462 15.2595 15.0697 14.9657 14.8855 14.8289 14.7814 14.745 14.7176 14.7066 14.6902 14.6756 14.6683 14.6683 14.692 14.734 14.7942 14.8709 14.9457 15.0314 15.1519 15.3069 15.462 15.6044 15.7522 15.9182 16.097 16.2941 16.4857 16.6773 16.8634 17.0495 17.2374 17.4381 17.6461 17.8614 18.0914 18.3468 18.6479 18.9873 19.2828 19.4963 19.6076 19.7007 19.7937 19.8704 19.947 20.0182 20.0839 20.1386 20.1879 20.2317 20.2645 20.2645
14.9986 15.0606 15.1208 15.1792 15.2376 15.296 15.3526 15.4073 15.4602 15.5113 15.5624 15.6098 15.6573 15.6098 15.4602 15.2595 15.0807 14.9749 14.8946 14.8362 14.7869 14.7504 14.7285 14.7212 14.7103 14.7048 14.7012 14.7066 14.7304 14.7833 14.8599 14.942 15.0168 15.1081 15.223 15.3836 15.5387 15.6865 15.8343 16.0058 16.1901 16.3871 16.5842 16.7813 16.9728 17.1644 17.3578 17.564 17.772 17.9873 18.2173 18.4672 18.7811 19.115 19.3996 19.6003 19.7062 19.7937 19.8813 19.958 20.0291 20.0948 20.155 20.2043 20.2536 20.2864 20.2919 20.2864
15.0278 15.088 15.1464 15.2048 15.2613 15.3179 15.3726 15.4274 15.4803 15.5296 15.5788 15.6263 15.6591 15.6135 15.462 15.2595 15.0916 14.9858 14.9037 14.8435 14.7942 14.7614 14.745 14.7431 14.7395 14.7395 14.7395 14.7504 14.7851 14.8435 14.9201 15.0077 15.088 15.1792 15.3051 15.4602 15.6208 15.7686 15.9218 16.0934 16.2831 16.4857 16.6827 16.8798 17.0768 17.2684 17.4673 17.679 17.8925 18.1078 18.3377 18.5877 18.896 19.2372 19.5273 19.7043 19.7992 19.8813 19.958 20.0291 20.1003 20.1605 20.2207 20.2645 20.3083 20.3192 20.3138 20.2919
15.0588 15.1172 15.1756 15.2321 15.2869 15.3416 15.3964 15.4493 15.5004 15.5496 15.5971 15.6445 15.6755 15.6171 15.4639 15.2723 15.1044 14.9968 14.9128 14.8526 14.807 14.7796 14.7687 14.7741 14.776 14.7796 14.7833 14.7997 14.8344 14.9037 14.9858 15.0789 15.1701 15.2613 15.3818 15.5369 15.6919 15.8452 16.004 16.1809 16.3707 16.5732 16.7758 16.9783 17.1754 17.367 17.5713 17.783 18.0019 18.2173 18.4472 18.6971 19.0128 19.354 19.6386 19.8156 19.8923 19.9634 20.0346 20.1003 20.166 20.2207 20.27 20.3028 20.3192 20.3247 20.3028 20.27
15.0916 15.1482 15.2048 15.2595 15.3142 15.3672 15.4201 15.4712 15.5223 15.5715 15.6171 15.6628 15.6938 15.6208 15.4675 15.2741 15.1172 15.0077 14.9238 14.8672 14.8289 14.8052 14.796 14.8052 14.8125 14.8198 14.8216 14.849 14.8891 14.9639 15.057 15.1555 15.2467 15.3489 15.4693 15.6244 15.7795 15.9273 16.0861 16.2631 16.4528 16.6608 16.8634 17.0659 17.263 17.46 17.6644 17.876 18.095 18.3213 18.5566 18.8066 19.135 19.4708 19.75 19.9087 19.9799 20.0455 20.1112 20.166 20.2152 20.2536 20.2755 20.2864 20.2864 20.2809 20.2481 20.1933
15.1263 15.181 15.2358 15.2905 15.3434 15.3945 15.4456 15.4967 15.546 15.5934 15.639 15.6828 15.7138 15.6263 15.4712 15.2759 15.13 15.0205 14.9347 14.8855 14.849 14.8289 14.8289 14.8435 14.8544 14.8654 14.8709 14.8982 14.9493 15.0241 15.1227 15.2321 15.3288 15.4365 15.5569 15.712 15.8671 16.0149 16.1682 16.3452 16.5404 16.7484 16.9509 17.159 17.356 17.5531 17.7574 17.9746 18.1935 18.4143 18.6497 18.8942 19.2299 19.5547 19.8284 19.9634 20.0291 20.0839 20.1331 20.1714 20.1988 20.2152 20.2262 20.2317 20.2262 20.1933 20.1441 20.0839
15.1628 15.2157 15.2686 15.3215 15.3726 15.4237 15.473 15.5223 15.5697 15.6171 15.6628 15.7047 15.7339 15.6317 15.4748 15.2796 15.1446 15.0351 14.9548 14.9073 14.8745 14.8581 14.8617 14.8818 14.8964 14.9092 14.9256 14.9475 15.0041 15.0898 15.1938 15.3088 15.4109 15.5186 15.6445 15.7996 15.9547 16.1025 16.2558 16.4327 16.6225 16.8305 17.0385 17.2465 17.4436 17.6461 17.8505 18.0622 18.2811 18.5019 18.7318 18.9763 19.3248 19.6386 19.8959 20.0072 20.0565 20.1003 20.1331 20.1495 20.1605 20.1714 20.1769 20.166 20.1495 20.0948 20.0401 19.9744
15.2011 15.2522 15.3033 15.3544 15.4055 15.4547 15.5022 15.5496 15.5971 15.6427 15.6865 15.7266 15.754 15.639 15.4803 15.2832 15.1628 15.0497 14.973 14.9292 14.9 14.8928 14.9019 14.9256 14.942 14.9584 14.9803 15.0132 15.0697 15.1555 15.2595 15.3799 15.4876 15.6007 15.7321 15.8872 16.0423 16.1901 16.3433 16.5203 16.7101 16.9181 17.1206 17.3286 17.5312 17.7337 17.9381 18.1497 18.3632 18.584 18.8084 19.0584 19.4087 19.7116 19.958 20.0401 20.0784 20.1058 20.1222 20.1277 20.1277 20.1277 20.1222 20.1003 20.062 20.0072 19.9415 19.8594
15.2394 15.2905 15.3398 15.3891 15.4383 15.4858 15.5332 15.5788 15.6244 15.6682 15.7102 15.7503 15.7759 15.6463 15.4894 15.2905 15.1792 15.0697 14.9968 14.9566 14.9311 14.9292 14.942 14.9676 14.9858 15.0132 15.0405 15.0789 15.13 15.2212 15.3307 15.4511 15.5642 15.6828 15.8142 15.9748 16.1299 16.2777 16.4309 16.6079 16.7977 17.0057 17.2082 17.4162 17.6133 17.8158 18.0202 18.2318 18.4453 18.6606 18.8905 19.1296 19.4872 19.7846 20.0145 20.0674 20.0893 20.1058 20.1112 20.1058 20.0948 20.0839 20.062 20.0401 19.9799 19.9196 19.843 19.7718
15.2814 15.3307 15.3781 15.4255 15.473 15.5204 15.566 15.6098 15.6536 15.6956 15.7357 15.7741 15.7996 15.6682 15.4967 15.296 15.1956 15.0898 15.0205 14.984 14.9694 14.9712 14.9858 15.0132 15.0351 15.0679 15.1008 15.1446 15.2011 15.2923 15.4018 15.5223 15.6409 15.7649 15.9018 16.0569 16.2174 16.3652 16.5185 16.6955 16.8853 17.0933 17.2958 17.5038 17.7009 17.9034 18.1078 18.3194 18.5329 18.7427 18.9672 19.219 19.5711 19.8576 20.0656 20.0893 20.1003 20.1058 20.1003 20.0893 20.0674 20.0455 20.0127 19.9689 19.8977 19.8321 19.7664 19.7062
15.3252 15.3726 15.4201 15.4657 15.5113 15.5551 15.6007 15.6427 15.6846 15.7248 15.7631 15.7996 15.8233 15.6919 15.504 15.3015 15.2048 15.1154 15.0497 15.0187 15.0077 15.0114 15.0278 15.057 15.0843 15.1227 15.161 15.2102 15.2723 15.358 15.473 15.5989 15.7175 15.847 15.9894 16.1499 16.3105 16.4638 16.617 16.7886 16.9783 17.1863 17.3889 17.5914 17.7885 17.991 18.1954 18.407 18.6205 18.8303 19.0548 19.3139 19.6551 19.9196 20.1094 20.1222 20.1167 20.1112 20.0948 20.0729 20.0401 20.0018 19.9525 19.8923 19.8266 19.7718 19.7116 19.6514
15.3708 15.4164 15.462 15.5058 15.5496 15.5916 15.6354 15.6755 15.7157 15.754 15.7905 15.827 15.8489 15.7138 15.5241 15.3069 15.2139 15.1427 15.0807 15.0515 15.0442 15.0497 15.0679 15.1008 15.1336 15.1774 15.2212 15.2759 15.3434 15.4347 15.5496 15.6755 15.7941 15.9237 16.0715 16.2375 16.3981 16.5514 16.7101 16.8816 17.0714 17.2794 17.4819 17.6899 17.887 18.0841 18.2884 18.5001 18.7136 18.9234 19.1551 19.4087 19.7226 19.9817 20.1477 20.1495 20.1331 20.1167 20.0893 20.0565 20.0127 19.958 19.8923 19.8375 19.7773 19.7171 19.6624 19.6131
15.4164 15.4602 15.504 15.546 15.5879 15.6281 15.67 15.7084 15.7467 15.7832 15.8197 15.8525 15.8726 15.7357 15.5441 15.3142 15.2248 15.1573 15.1099 15.0843 15.0789 15.0862 15.1062 15.1446 15.1829 15.2321 15.2814 15.3416 15.4201 15.5168 15.6263 15.7339 15.8708 16.0003 16.1664 16.3196 16.4857 16.6444 16.8032 16.9747 17.1644 17.3724 17.575 17.783 17.98 18.1826 18.3815 18.5931 18.8066 19.0164 19.2555 19.4872 19.7901 20.0309 20.1915 20.1824 20.155 20.1277 20.0893 20.0401 19.9799 19.9032 19.843 19.7883 19.7335 19.6843 19.6295 19.5803
15.462 15.504 15.546 15.5861 15.6263 15.6646 15.7047 15.7412 15.7777 15.8142 15.847 15.8781 15.8963 15.7595 15.566 15.3343 15.234 15.1701 15.1373 15.1154 15.1117 15.119 15.1446 15.1883 15.2321 15.2741 15.3343 15.4 15.4967 15.5989 15.7138 15.8215 15.9474 16.0824 16.2539 16.4072 16.5732 16.732 16.909 17.086 17.2757 17.4655 17.6735 17.8815 18.0786 18.2811 18.4855 18.6917 18.9051 19.1277 19.3504 19.5602 19.8576 20.0802 20.2353 20.2152 20.1769 20.1386 20.0784 20.0072 19.9306 19.8649 19.8102 19.7609 19.7007 19.6569 19.6131 19.5638
15.5095 15.5496 15.5898 15.6281 15.6664 15.7029 15.7394 15.7777 15.8124 15.8452 15.8762 15.9054 15.9219 15.7832 15.5879 15.3526 15.2431 15.181 15.1519 15.1446 15.1391 15.1519 15.1829 15.2194 15.2741 15.3215 15.4 15.4712 15.5733 15.681 15.8014 15.9146 16.0405 16.1645 16.3306 16.4893 16.6608 16.8196 16.9966 17.179 17.387 17.5768 17.7848 17.9746 18.1771 18.3796 18.584 18.7957 19.0037 19.2336 19.4288 19.6332 19.9178 20.135 20.2846 20.2536 20.1933 20.1277 20.0565 19.9744 19.8977 19.843 19.7883 19.7335 19.6897 19.6459 19.6022 19.5529
15.5569 15.5952 15.6336 15.67 15.7065 15.743 15.7777 15.8124 15.8452 15.8762 15.9054 15.9328 15.9474 15.8051 15.608 15.369 15.2632 15.1902 15.1646 15.1719 15.1719 15.1774 15.2139 15.2559 15.3288 15.3818 15.4657 15.5423 15.65 15.7631 15.889 16.0076 16.139 16.2631 16.4236 16.5714 16.7429 16.9072 17.0841 17.2666 17.4746 17.6699 17.8961 18.0914 18.2939 18.4782 18.6825 18.8942 19.115 19.3285 19.5127 19.7062 19.9726 20.1842 20.3174 20.2645 20.1933 20.1112 20.0291 19.947 19.8813 19.8321 19.7828 19.7281 19.6843 19.6459 19.6022 19.5584
15.6044 15.6409 15.6773 15.7138 15.7485 15.7814 15.8142 15.847 15.8781 15.9073 15.9346 15.9602 15.9729 15.827 15.6263 15.3909 15.2869 15.2157 15.1737 15.1683 15.1865 15.1975 15.2577 15.3051 15.3836 15.442 15.5314 15.6135 15.7266 15.8452 15.9766 16.1007 16.2375 16.3671 16.5276 16.67 16.836 16.9947 17.1717 17.3542 17.5677 17.7629 17.9837 18.1789 18.3942 18.5785 18.7829 18.9945 19.2099 19.4014 19.5748 19.75 20.0054 20.2116 20.3448 20.2809 20.1988 20.1058 20.0127 19.9361 19.8813 19.8266 19.7773 19.7445 19.6952 19.6569 19.6131 19.5693
