LOI200_MeanBA_m.asc
ncols         504
nrows         401
xllcorner     347695.93724505
yllcorner     611191.17937377
cellsize      10
NODATA_value  -9999
[rows 210 to 239 of 401, columns 0 to 67 of 504]
-9999 -9999 -9999 -9999 -9999 -9999 -9999 -9999 -9999 -9999 -9999 -9999 -9999 -9999 -9999 -9999 -9999 -9999 -9999 -9999 19.5054 19.5602 19.6332 19.7062 19.7974 19.8886 20.0163 20.1441 20.2718 20.4178 20.5637 20.7097 20.8557 21.0199 21.1841 21.3483 21.5491 21.7315 21.9322 22.1329 22.3336 22.5344 22.6986 22.8081 22.881 22.9175 22.9358 22.9358 22.9358 22.9358 22.9358 22.9358 22.9358 22.9358 22.9358 22.9358 22.9358 22.9358 22.9358 22.9358 22.9358 22.9358 22.9358 22.9358 22.9358 22.9358 22.9358 22.9358
-9999 -9999 -9999 -9999 -9999 -9999 -9999 -9999 -9999 -9999 -9999 -9999 -9999 -9999 -9999 -9999 -9999 -9999 -9999 -9999 20.0163 20.0711 20.1258 20.1806 20.2536 20.3448 20.4543 20.5637 20.6915 20.8192 20.9469 21.0746 21.2024 21.3483 21.4943 21.6768 21.841 22.0052 22.1877 22.3701 22.5526 22.7168 22.8445 22.8993 22.9358 22.9358 22.9358 22.9358 22.9358 22.9358 22.9358 22.9358 22.9358 22.9358 22.9358 22.9358 22.9358 22.9358 22.9358 22.9358 22.9358 22.9358 22.9358 22.9358 22.9358 22.9358 22.9358 22.9358
-9999 -9999 -9999 -9999 -9999 -9999 -9999 -9999 -9999 -9999 -9999 -9999 -9999 -9999 -9999 -9999 -9999 -9999 -9999 -9999 20.4908 20.5272 20.582 20.6367 20.7097 20.7827 20.8739 20.9652 21.0746 21.1841 21.2936 21.4031 21.5308 21.6585 21.8045 21.9505 22.0964 22.2607 22.4249 22.5891 22.7533 22.881 22.9358 22.9358 22.9358 22.9358 22.9358 22.9358 22.9358 22.9358 22.9358 22.9358 22.9358 22.9358 22.9358 22.9358 22.9358 22.9358 22.9358 22.9358 22.9358 22.9358 22.9358 22.9358 22.9358 22.9358 22.9358 22.9358
-9999 -9999 -9999 -9999 -9999 -9999 -9999 -9999 -9999 -9999 -9999 -9999 -9999 -9999 -9999 -9999 -9999 -9999 -9999 -9999 20.9287 20.9652 21.0017 21.0564 21.1294 21.2024 21.2754 21.3483 21.4396 21.5308 21.622 21.7315 21.841 21.9505 22.0964 22.2242 22.3519 22.4979 22.6438 22.7862 22.9321 22.9321 22.9321 22.9321 22.9321 22.9321 22.9358 22.9358 22.9358 22.9358 22.9358 22.9358 22.9358 22.9358 22.9358 22.9358 22.9358 22.9358 22.9358 22.9358 22.9358 22.9358 22.9358 22.9358 22.9358 22.9358 22.9358 22.9358
-9999 -9999 -9999 -9999 -9999 -9999 -9999 -9999 -9999 -9999 -9999 -9999 -9999 -9999 -9999 -9999 -9999 -9999 -9999 -9999 21.3301 21.3483 21.4031 21.4578 21.5126 21.5673 21.6403 21.7133 21.7863 21.8592 21.9505 22.0417 22.1329 22.2388 22.3628 22.465 22.5891 22.7132 22.8372 22.9066 22.9066 22.9066 22.9066 22.9066 22.9066 22.9066 22.9102 22.9139 22.9212 22.9248 22.9285 22.9321 22.9358 22.9358 22.9358 22.9358 22.9358 22.9358 22.9358 22.9358 22.9358 22.9358 22.9358 22.9358 22.9358 22.9358 22.9358 22.9358
-9999 -9999 -9999 -9999 -9999 -9999 -9999 -9999 -9999 -9999 -9999 -9999 -9999 -9999 -9999 -9999 -9999 -9999 -9999 -9999 21.6768 21.7133 21.7498 21.7863 21.841 21.8957 21.9505 22.0052 22.06 22.1439 22.2132 22.2789 22.3811 22.465 22.549 22.6511 22.7533 22.819 22.8701 22.8664 22.8628 22.8591 22.8628 22.8664 22.8701 22.8737 22.8774 22.881 22.8883 22.8956 22.9066 22.9139 22.9212 22.9285 22.9358 22.9358 22.9358 22.9358 22.9358 22.9358 22.9358 22.9358 22.9358 22.9358 22.9358 22.9358 22.9358 22.9358
-9999 -9999 -9999 -9999 -9999 -9999 -9999 -9999 -9999 -9999 -9999 -9999 -9999 -9999 -9999 -9999 -9999 -9999 -9999 -9999 21.841 21.841 21.8592 21.8921 21.9249 21.976 22.0271 22.0928 22.1585 22.2205 22.3154 22.3957 22.476 22.5563 22.6548 22.7351 22.7862 22.819 22.8154 22.8117 22.8117 22.8117 22.8117 22.8117 22.819 22.8263 22.8336 22.8409 22.8482 22.8555 22.8664 22.8774 22.892 22.9029 22.9139 22.9248 22.9358 22.9358 22.9358 22.9358 22.9358 22.9358 22.9358 22.9358 22.9358 22.9358 22.9358 22.9358
-9999 -9999 -9999 -9999 -9999 -9999 -9999 -9999 -9999 -9999 -9999 -9999 -9999 -9999 -9999 -9999 -9999 -9999 -9999 -9999 21.841 21.8556 21.8702 21.8848 21.914 21.9578 22.0016 22.06 22.1366 22.2132 22.3045 22.3811 22.4577 22.5526 22.6329 22.6949 22.7387 22.7497 22.7497 22.7497 22.7497 22.7497 22.7533 22.757 22.7606 22.7643 22.7752 22.7862 22.7971 22.8081 22.819 22.83 22.8445 22.8591 22.8737 22.892 22.9066 22.9212 22.9358 22.9358 22.9358 22.9358 22.9358 22.9358 22.9358 22.9358 22.9358 22.9358
-9999 -9999 -9999 -9999 -9999 -9999 -9999 -9999 -9999 -9999 -9999 -9999 -9999 -9999 -9999 -9999 -9999 -9999 -9999 -9999 21.7607 21.7571 21.768 21.7936 21.8337 21.8738 21.9103 21.9833 22.0381 22.111 22.1986 22.2899 22.3811 22.4577 22.5161 22.5563 22.6 22.6292 22.6584 22.673 22.6767 22.6803 22.684 22.6876 22.6949 22.7022 22.7095 22.7168 22.7278 22.7424 22.757 22.7716 22.7862 22.8044 22.8227 22.8409 22.8591 22.8774 22.8993 22.9175 22.9321 22.9358 22.9358 22.9358 22.9358 22.9358 22.9358 22.9358
-9999 -9999 -9999 -9999 -9999 -9999 -9999 -9999 -9999 -9999 -9999 -9999 -9999 -9999 -9999 -9999 -9999 -9999 -9999 -9999 21.5673 21.5782 21.6001 21.622 21.6585 21.7096 21.779 21.83 21.8811 21.9651 22.0344 22.122 22.195 22.2497 22.3045 22.3628 22.4212 22.465 22.5125 22.5453 22.5781 22.5964 22.6037 22.611 22.6183 22.6256 22.6329 22.6438 22.6548 22.6694 22.684 22.6986 22.7168 22.7351 22.757 22.7789 22.8008 22.8227 22.8445 22.8664 22.8883 22.9102 22.9248 22.9321 22.9358 22.9358 22.9358 22.9358
-9999 -9999 -9999 -9999 -9999 -9999 -9999 -9999 -9999 -9999 -9999 -9999 -9999 -9999 -9999 -9999 -9999 -9999 -9999 -9999 21.279 21.3009 21.3374 21.3885 21.4359 21.5016 21.5491 21.6147 21.695 21.7607 21.8264 21.8775 21.9468 22.0162 22.0891 22.1621 22.2205 22.2826 22.3446 22.392 22.4431 22.4796 22.5161 22.5234 22.5307 22.5417 22.5526 22.5636 22.5745 22.5854 22.6037 22.6219 22.6402 22.6584 22.6767 22.7022 22.7278 22.7533 22.7789 22.8044 22.83 22.8555 22.8774 22.8956 22.9102 22.9212 22.9285 22.9321
-9999 -9999 -9999 -9999 -9999 -9999 -9999 -9999 -9999 -9999 -9999 -9999 -9999 -9999 -9999 -9999 -9999 -9999 -9999 -9999 20.9104 20.9615 21.0272 21.0892 21.1695 21.2316 21.2936 21.3556 21.4323 21.4943 21.56 21.6257 21.6914 21.779 21.8665 21.9395 22.0162 22.0928 22.1548 22.2205 22.2862 22.3373 22.3884 22.4285 22.4395 22.4504 22.4614 22.4723 22.4869 22.5015 22.5161 22.5344 22.5526 22.5745 22.5964 22.6183 22.6438 22.6694 22.6949 22.7205 22.746 22.7716 22.7971 22.819 22.8372 22.8518 22.8664 22.881
-9999 -9999 -9999 -9999 -9999 -9999 -9999 -9999 -9999 -9999 -9999 -9999 -9999 -9999 -9999 -9999 -9999 -9999 -9999 -9999 20.4944 20.5601 20.6404 20.717 20.7936 20.8703 20.9615 21.0381 21.1148 21.1914 21.2717 21.352 21.4359 21.5199 21.622 21.7133 21.8045 21.8811 21.9614 22.0417 22.1074 22.1731 22.2424 22.2972 22.3373 22.3482 22.3628 22.3774 22.392 22.4066 22.4212 22.4395 22.4614 22.4833 22.5052 22.5271 22.5526 22.5781 22.6037 22.6292 22.6548 22.6803 22.7059 22.7278 22.7533 22.7752 22.7935 22.8081
-9999 -9999 -9999 -9999 -9999 -9999 -9999 -9999 -9999 -9999 -9999 -9999 -9999 -9999 -9999 -9999 -9999 -9999 -9999 -9999 20.0565 20.1514 20.2426 20.3338 20.4251 20.5309 20.6221 20.7134 20.8046 20.8995 20.9944 21.0892 21.1878 21.2717 21.3593 21.4651 21.5709 21.6658 21.7607 21.841 21.9213 22.0052 22.0745 22.1439 22.1986 22.2424 22.257 22.2716 22.2862 22.3045 22.3227 22.3409 22.3628 22.3847 22.4066 22.4285 22.4504 22.476 22.5015 22.5271 22.5526 22.5781 22.6073 22.6365 22.6621 22.684 22.7059 22.7241
-9999 -9999 -9999 -9999 -9999 -9999 -9999 -9999 -9999 -9999 -9999 -9999 -9999 -9999 -9999 -9999 -9999 -9999 -9999 -9999 19.6259 19.7354 19.8412 19.9616 20.0674 20.1733 20.2791 20.3849 20.4908 20.6002 20.7097 20.8228 20.9214 21.0199 21.1221 21.2279 21.3374 21.4469 21.5563 21.6512 21.7498 21.8337 21.9176 21.987 22.0599 22.1183 22.1475 22.1621 22.1804 22.1986 22.2169 22.2351 22.2534 22.2753 22.2972 22.319 22.3409 22.3665 22.392 22.4176 22.4468 22.476 22.5052 22.5344 22.5599 22.5854 22.611 22.6329
-9999 -9999 -9999 -9999 -9999 -9999 -9999 -9999 -9999 -9999 -9999 -9999 -9999 -9999 -9999 -9999 -9999 -9999 -9999 -9999 19.2062 19.3449 19.4799 19.6003 19.7208 19.8412 19.9616 20.082 20.2061 20.3302 20.4397 20.5528 20.6659 20.7827 20.8849 20.9871 21.1111 21.2206 21.3301 21.4432 21.5563 21.6549 21.7388 21.8264 21.8994 21.9724 22.0308 22.049 22.0672 22.0855 22.1037 22.122 22.1402 22.1621 22.184 22.2059 22.2278 22.2497 22.2753 22.3045 22.3336 22.3628 22.392 22.4212 22.4541 22.4833 22.5088 22.5344
-9999 -9999 -9999 -9999 -9999 -9999 -9999 -9999 -9999 -9999 -9999 -9999 -9999 -9999 -9999 -9999 -9999 -9999 -9999 -9999 18.8121 18.9654 19.1004 19.2354 19.3704 19.5054 19.6405 19.7755 19.9142 20.0382 20.166 20.2937 20.4068 20.5236 20.6404 20.7608 20.8849 21.009 21.133 21.2462 21.3593 21.4724 21.5746 21.6622 21.7498 21.8227 21.8994 21.9322 21.9505 21.9687 21.987 22.0052 22.0235 22.0417 22.0636 22.0855 22.1074 22.1293 22.1585 22.1877 22.2169 22.2461 22.2753 22.3081 22.3409 22.3701 22.403 22.4322
-9999 -9999 -9999 -9999 -9999 -9999 -9999 -9999 -9999 -9999 -9999 -9999 -9999 -9999 -9999 -9999 -9999 -9999 -9999 -9999 18.3961 18.5639 18.7464 18.896 19.0456 19.1953 19.3449 19.4836 19.6222 19.7609 19.9032 20.0309 20.1623 20.2937 20.4105 20.5309 20.6513 20.79 20.9177 21.0454 21.1586 21.2717 21.3885 21.4907 21.5782 21.6695 21.7461 21.8081 21.8264 21.8446 21.8629 21.8811 21.8994 21.9176 21.9395 21.9614 21.9833 22.0089 22.0344 22.0636 22.0928 22.122 22.1548 22.1877 22.2205 22.257 22.2899 22.319
-9999 -9999 -9999 -9999 -9999 -9999 -9999 -9999 -9999 -9999 -9999 -9999 -9999 -9999 -9999 -9999 -9999 -9999 -9999 -9999 17.9472 18.1479 18.3304 18.5092 18.6734 18.8376 19.0018 19.1697 19.3376 19.4799 19.6222 19.7645 19.9105 20.0419 20.1769 20.3119 20.4324 20.571 20.7134 20.8411 20.9688 21.0856 21.2024 21.3191 21.4213 21.5126 21.5892 21.6658 21.6987 21.7169 21.7352 21.7534 21.7717 21.7899 21.8081 21.83 21.8556 21.8811 21.9067 21.9359 21.9651 21.9979 22.0308 22.0636 22.1001 22.1366 22.1694 22.2059
-9999 -9999 -9999 -9999 -9999 -9999 -9999 -9999 -9999 -9999 -9999 -9999 -9999 -9999 -9999 -9999 -9999 -9999 -9999 -9999 17.4837 17.6991 17.8961 18.0932 18.272 18.4654 18.6442 18.8267 19.0091 19.1953 19.3668 19.5127 19.6587 19.8047 19.9543 20.0893 20.2244 20.3484 20.4908 20.6331 20.7608 20.8922 21.009 21.1257 21.2462 21.3374 21.4286 21.5053 21.5673 21.5855 21.6038 21.622 21.6403 21.6585 21.6768 21.6987 21.7242 21.7498 21.7753 21.8045 21.8373 21.8702 21.903 21.9395 21.976 22.0125 22.049 22.0855
-9999 -9999 -9999 -9999 -9999 -9999 -9999 -9999 -9999 -9999 -9999 -9999 -9999 -9999 -9999 -9999 -9999 -9999 -9999 -9999 16.9911 17.221 17.4327 17.6443 17.8377 18.0311 18.2391 18.4362 18.6333 18.834 19.0347 19.239 19.4142 19.5638 19.7135 19.8631 19.9981 20.1368 20.2791 20.4214 20.5674 20.6988 20.8301 20.9469 21.0673 21.1732 21.2644 21.341 21.4177 21.4505 21.4688 21.487 21.5053 21.5235 21.5418 21.5673 21.5928 21.6184 21.6439 21.6731 21.706 21.7388 21.7753 21.8118 21.8483 21.8884 21.9249 21.9651
-9999 -9999 -9999 -9999 -9999 -9999 -9999 -9999 -9999 -9999 -9999 -9999 -9999 -9999 -9999 -9999 -9999 -9999 -9999 -9999 16.4838 16.7283 16.9546 17.1809 17.3889 17.5969 17.8049 18.0165 18.2428 18.4581 18.6734 18.8924 19.1113 19.3193 19.4836 19.6332 19.7864 19.9251 20.082 20.2244 20.3703 20.5163 20.6477 20.7681 20.8885 21.009 21.1002 21.1914 21.2681 21.3155 21.3337 21.352 21.3702 21.3885 21.4067 21.4323 21.4578 21.4834 21.5089 21.5418 21.5746 21.6074 21.6439 21.6804 21.7206 21.7607 21.8009 21.841
-9999 -9999 -9999 -9999 -9999 -9999 -9999 -9999 -9999 -9999 -9999 -9999 -9999 -9999 -9999 -9999 -9999 -9999 -9999 -9999 15.962 16.2065 16.4473 16.6882 16.9108 17.1334 17.356 17.5823 17.8085 18.053 18.2829 18.5165 18.75 18.9872 19.2245 19.4179 19.5711 19.7244 19.8813 20.0419 20.1879 20.3338 20.4652 20.6002 20.7207 20.8411 20.9469 21.0381 21.1148 21.1768 21.1951 21.2133 21.2316 21.2498 21.2717 21.2972 21.3228 21.3483 21.3739 21.4067 21.4396 21.4761 21.5126 21.549 21.5892 21.633 21.6731 21.7133
-9999 -9999 -9999 -9999 -9999 -9999 -9999 -9999 -9999 -9999 -9999 -9999 -9999 -9999 -9999 -9999 -9999 -9999 -9999 -9999 15.4219 15.681 15.9218 16.1773 16.4145 16.6517 16.8926 17.1334 17.3743 17.6188 17.8779 18.126 18.3742 18.626 18.8778 19.1296 19.3558 19.5237 19.6952 19.8558 20.0018 20.1477 20.2973 20.4324 20.5528 20.6732 20.7936 20.8849 20.9761 21.0381 21.0564 21.0746 21.0929 21.1111 21.133 21.1586 21.1841 21.2097 21.2389 21.2681 21.3009 21.3374 21.3739 21.414 21.4542 21.498 21.5418 21.5819
-9999 -9999 -9999 -9999 -9999 -9999 -9999 -9999 -9999 -9999 -9999 -9999 -9999 -9999 -9999 -9999 -9999 -9999 -9999 -9999 14.8526 15.1263 15.4 15.6554 15.9072 16.159 16.4109 16.6663 16.9254 17.1845 17.4436 17.7063 17.9837 18.2501 18.5165 18.7829 19.0529 19.2938 19.5091 19.6697 19.8302 19.9762 20.1258 20.2608 20.3959 20.5163 20.6367 20.7426 20.8338 20.8958 20.9141 20.9323 20.9506 20.9725 20.9944 21.0163 21.0418 21.0673 21.0965 21.1294 21.1659 21.2024 21.2389 21.279 21.3228 21.3666 21.4067 21.4469
-9999 -9999 -9999 -9999 -9999 -9999 -9999 -9999 -9999 -9999 -9999 -9999 -9999 -9999 -9999 -9999 -9999 -9999 -9999 -9999 14.3016 14.5753 14.8453 15.1154 15.3854 15.6372 15.9036 16.1736 16.4437 16.7174 16.9947 17.2721 17.5494 17.8304 18.1114 18.407 18.6917 18.9617 19.2318 19.4653 19.6405 19.7864 19.9361 20.0857 20.2207 20.3411 20.4616 20.582 20.6732 20.7499 20.7681 20.7863 20.8046 20.8265 20.8484 20.8739 20.8995 20.9287 20.9579 20.9907 21.0272 21.0637 21.1038 21.144 21.1878 21.2316 21.2717 21.3155
-9999 -9999 -9999 -9999 -9999 -9999 -9999 -9999 -9999 -9999 -9999 -9999 -9999 -9999 -9999 -9999 -9999 -9999 -9999 -9999 13.7359 14.0242 14.2943 14.5643 14.8307 15.0971 15.3635 15.6336 15.9036 16.1919 16.4802 16.7721 17.0677 17.3633 17.6589 17.9545 18.2537 18.553 18.8559 19.1478 19.4106 19.6149 19.7645 19.9142 20.0492 20.1842 20.3046 20.4251 20.5309 20.5929 20.6258 20.644 20.6623 20.6842 20.7061 20.7316 20.7572 20.7863 20.8155 20.852 20.8885 20.925 20.9652 21.009 21.0527 21.0965 21.1367 21.1805
-9999 -9999 -9999 -9999 -9999 -9999 -9999 -9999 -9999 -9999 -9999 -9999 -9999 -9999 -9999 -9999 -9999 -9999 -9999 -9999 13.1557 13.444 13.7286 14.0133 14.2797 14.5461 14.8125 15.0971 15.3818 15.67 15.9583 16.2503 16.5422 16.8378 17.1334 17.4327 17.7319 18.0311 18.334 18.6406 18.9179 19.1807 19.4179 19.5967 19.7609 19.9105 20.0455 20.1806 20.2864 20.363 20.4105 20.4579 20.4908 20.5272 20.5637 20.5893 20.6148 20.644 20.6732 20.7097 20.7462 20.7863 20.8265 20.8703 20.9141 20.9579 21.0017 21.0454
-9999 -9999 -9999 -9999 -9999 -9999 -9999 -9999 -9999 -9999 -9999 -9999 -9999 -9999 -9999 -9999 -9999 -9999 -9999 -9999 12.5609 12.8637 13.1484 13.433 13.6994 13.9804 14.2614 14.5461 14.8307 15.119 15.4073 15.6992 15.9912 16.2868 16.5824 16.878 17.1772 17.4764 17.7976 18.1041 18.4107 18.688 18.9544 19.1916 19.385 19.5638 19.7135 19.8631 19.9835 20.0747 20.1368 20.1842 20.2317 20.2973 20.3484 20.4032 20.4579 20.5017 20.5309 20.5674 20.6039 20.644 20.6878 20.7316 20.7754 20.8192 20.863 20.9068
-9999 -9999 -9999 -9999 -9999 -9999 -9999 -9999 -9999 -9999 -9999 -9999 -9999 -9999 -9999 -9999 -9999 -9999 -9999 -9999 11.9989 12.2543 12.539 12.8382 13.1192 13.4002 13.6812 13.9658 14.2505 14.5388 14.8271 15.119 15.4109 15.7065 16.0021 16.2977 16.597 16.8962 17.2283 17.5494 17.8706 18.1662 18.4472 18.699 18.9508 19.1442 19.3084 19.4872 19.6222 19.7427 19.8047 19.8667 19.9288 19.9945 20.0601 20.1441 20.2134 20.2864 20.3594 20.4251 20.4616 20.5017 20.5455 20.5893 20.6331 20.6805 20.7243 20.7681
