LOI200_MeanBA_m.asc
ncols         504
nrows         401
xllcorner     347695.93724505
yllcorner     611191.17937377
cellsize      10
NODATA_value  -9999
[rows 30 to 59 of 401, columns 340 to 407 of 504]
21.8775 21.8227 21.768 21.7315 21.7133 21.695 21.7133 21.7315 21.7133 21.6038 21.4761 21.3301 21.1659 20.9834 20.8009 20.6185 20.3995 20.1806 19.9616 19.7427 19.5054 19.2682 19.0858 19.0493 19.0675 19.0858 19.0493 19.0493 19.0493 19.0493 19.0493 19.0493 19.0493 19.0858 19.104 19.1405 19.177 19.2318 19.2865 19.3777 19.469 19.5784 19.7244 19.8886 20.0528 20.2171 20.3813 20.509 20.6367 20.7645 20.8739 21.0017 21.1476 21.3118 21.4761 21.6585 21.8045 21.9322 22.06 22.1512 22.1877 22.1877 22.1147 21.9505 21.7315 21.4761 21.2206 20.9652
21.5855 21.5308 21.4761 21.4213 21.4031 21.3848 21.4031 21.4031 21.3666 21.2571 21.1111 20.9469 20.8009 20.6185 20.436 20.2353 20.0163 19.7974 19.5602 19.3412 19.104 18.8668 18.7573 18.7938 18.8486 18.9033 18.9216 18.9216 18.9216 18.9216 18.9216 18.9216 18.9216 18.9581 18.9763 19.0128 19.0493 19.104 19.1588 19.2318 19.323 19.4325 19.5602 19.7244 19.9069 20.0893 20.2536 20.3813 20.5272 20.6732 20.8009 20.9469 21.1111 21.2571 21.4213 21.622 21.768 21.914 22.0235 22.1512 22.2059 22.2059 22.1329 21.987 21.768 21.5308 21.2754 21.0199
21.3118 21.2389 21.1841 21.1294 21.0929 21.0746 21.0929 21.0564 21.0017 20.8739 20.728 20.582 20.4178 20.2353 20.0528 19.8339 19.5967 19.3777 19.1405 18.9033 18.6844 18.5201 18.4836 18.5384 18.6114 18.6844 18.7391 18.7938 18.7938 18.7938 18.7938 18.7938 18.7938 18.8303 18.8486 18.8851 18.9216 18.9763 19.031 19.104 19.177 19.2865 19.4142 19.5784 19.7609 19.9434 20.1258 20.2718 20.436 20.6002 20.728 20.9104 21.0564 21.2206 21.3848 21.5491 21.7315 21.8775 22.0052 22.1329 22.2242 22.2242 22.1694 22.0235 21.8227 21.5855 21.3483 21.0929
21.0199 20.9469 20.8922 20.8374 20.8009 20.7827 20.7645 20.7097 20.6367 20.4908 20.3448 20.1988 20.0163 19.8156 19.6149 19.4325 19.1953 18.9581 18.7209 18.4836 18.2829 18.1552 18.21 18.2829 18.3742 18.4654 18.5384 18.6296 18.6661 18.6661 18.6661 18.6661 18.6661 18.7026 18.7209 18.7573 18.7938 18.8486 18.9033 18.9763 19.0493 19.1405 19.2682 19.4325 19.6149 19.8156 19.9981 20.1623 20.363 20.5272 20.6915 20.8557 21.0199 21.1841 21.3301 21.5126 21.7133 21.8592 22.0052 22.1147 22.2242 22.2242 22.1877 22.06 21.8592 21.6403 21.4213 21.1841
20.728 20.655 20.6002 20.5455 20.509 20.4908 20.4543 20.3813 20.2536 20.0893 19.9251 19.7609 19.5967 19.396 19.177 18.9945 18.7573 18.5201 18.2647 18.064 17.918 17.8633 17.9363 18.0275 18.1187 18.2282 18.3194 18.4289 18.5201 18.5384 18.5384 18.5384 18.5384 18.5749 18.5931 18.6296 18.6661 18.7209 18.7756 18.8486 18.9216 19.0128 19.1223 19.2865 19.469 19.6879 19.8886 20.0711 20.29 20.4725 20.6367 20.8009 21.0017 21.1476 21.3118 21.4943 21.6768 21.8592 22.0052 22.1329 22.2424 22.2607 22.2424 22.0964 21.914 21.7133 21.5126 21.2754
20.4543 20.3813 20.3265 20.2718 20.2353 20.1988 20.1258 20.0346 19.8704 19.7244 19.5237 19.3412 19.1588 18.9581 18.7391 18.5384 18.3012 18.064 17.8268 17.6808 17.5531 17.5531 17.6261 17.7538 17.8633 17.991 18.1005 18.2282 18.3377 18.4107 18.4107 18.4107 18.4289 18.4472 18.4654 18.5019 18.5384 18.5931 18.6479 18.7209 18.7938 18.8851 18.9763 19.1405 19.323 19.5602 19.7791 19.9981 20.1988 20.436 20.6185 20.7827 20.9652 21.1476 21.3118 21.4761 21.6585 21.8592 22.0235 22.1694 22.2607 22.2972 22.2789 22.1329 21.9687 21.8045 21.6038 21.4031
20.1806 20.1076 20.0528 19.9981 19.9434 19.9069 19.8156 19.6879 19.5237 19.3595 19.1405 18.9216 18.7209 18.5019 18.2829 18.0822 17.845 17.6078 17.4254 17.2976 17.2064 17.2246 17.3159 17.4618 17.5896 17.7355 17.8815 18.0275 18.1552 18.2647 18.3012 18.3012 18.3194 18.3377 18.3559 18.3924 18.4289 18.4836 18.5384 18.5931 18.6661 18.7573 18.8486 18.9945 19.177 19.4325 19.6879 19.9251 20.1441 20.3813 20.6002 20.7645 20.9469 21.1476 21.3118 21.4943 21.6768 21.8592 22.0417 22.2059 22.2972 22.3154 22.2972 22.2059 22.0417 21.8592 21.695 21.5126
19.9069 19.8339 19.7609 19.7062 19.6514 19.6149 19.5054 19.3412 19.1953 18.9945 18.7573 18.5201 18.2829 18.0457 17.8268 17.6078 17.3706 17.1699 17.0239 16.9145 16.8597 16.8962 16.9874 17.1517 17.3159 17.4618 17.6443 17.8268 17.9727 18.1005 18.1917 18.1917 18.21 18.2282 18.2464 18.2829 18.3194 18.3742 18.4289 18.4836 18.5566 18.6296 18.7209 18.8486 19.031 19.3047 19.5784 19.8156 20.0893 20.3448 20.582 20.7645 20.9469 21.1294 21.3301 21.5308 21.695 21.8775 22.06 22.2242 22.3336 22.3519 22.3154 22.2424 22.0964 21.9505 21.7863 21.6038
19.6332 19.5419 19.469 19.4142 19.3595 19.323 19.177 19.031 18.8668 18.6296 18.3742 18.1005 17.845 17.5713 17.3341 17.1152 16.8597 16.7137 16.6043 16.513 16.4583 16.513 16.659 16.8415 17.0239 17.1882 17.3706 17.5713 17.7538 17.8998 18.0275 18.064 18.1005 18.1187 18.137 18.1735 18.21 18.2647 18.3194 18.3742 18.4472 18.5201 18.6114 18.7209 18.8851 19.177 19.4507 19.7427 20.0346 20.3083 20.5455 20.7645 20.9469 21.1476 21.3483 21.5491 21.7498 21.914 22.0964 22.2424 22.3519 22.3884 22.3701 22.2972 22.1694 22.0235 21.8775 21.7315
19.3595 19.2682 19.1953 19.1405 19.0858 19.031 18.8668 18.7026 18.5201 18.2647 17.9727 17.6626 17.3524 17.0604 16.7867 16.5678 16.3671 16.2211 16.1299 16.0386 16.0204 16.0751 16.2393 16.44 16.6772 16.8962 17.0969 17.3159 17.5166 17.6991 17.845 17.9363 17.9727 17.991 18.0275 18.064 18.1005 18.1552 18.21 18.2647 18.3377 18.4107 18.5019 18.6114 18.7573 19.031 19.3412 19.6514 19.9616 20.2718 20.5272 20.7645 20.9834 21.1659 21.3848 21.6038 21.8045 21.987 22.1694 22.2972 22.3884 22.4249 22.4066 22.3701 22.2607 22.0964 21.9687 21.8227
19.0858 18.9945 18.9216 18.8668 18.8121 18.7391 18.5749 18.3924 18.1552 17.8633 17.5348 17.2064 16.878 16.5495 16.2211 15.9474 15.7832 15.6372 15.546 15.4912 15.5095 15.546 15.7284 15.9291 16.1846 16.44 16.7137 16.9874 17.2246 17.4436 17.6443 17.772 17.845 17.8633 17.8998 17.9363 17.991 18.0457 18.1005 18.1552 18.2282 18.3012 18.3924 18.5019 18.6479 18.9216 19.2318 19.5602 19.9069 20.2353 20.509 20.7645 21.0199 21.2206 21.4396 21.6585 21.8592 22.0417 22.2424 22.3701 22.4979 22.4796 22.4431 22.4249 22.3336 22.2059 22.0782 21.914
18.7938 18.7026 18.6296 18.5566 18.5019 18.4289 18.2647 18.0457 17.772 17.4618 17.1152 16.7502 16.3853 16.0021 15.619 15.327 15.1628 15.0533 14.9803 14.9438 14.9803 15.0351 15.2175 15.4182 15.6919 15.9656 16.2576 16.5678 16.878 17.1517 17.3889 17.5896 17.6991 17.7355 17.772 17.8085 17.8633 17.918 17.991 18.0457 18.1187 18.1917 18.2829 18.3924 18.5384 18.8121 19.1405 19.469 19.8521 20.1988 20.509 20.8009 21.0564 21.3118 21.5308 21.7315 21.9322 22.1329 22.2972 22.4431 22.5709 22.5344 22.5161 22.4796 22.4066 22.2972 22.1694 22.0417
18.5019 18.4107 18.3194 18.2464 18.1735 18.0822 17.8998 17.6626 17.3889 17.0604 16.6772 16.2758 15.8379 15.4182 15.0168 14.7066 14.5424 14.4694 14.4147 14.4147 14.4512 14.5242 14.7066 14.9256 15.1993 15.5095 15.8197 16.1481 16.4765 16.8232 17.1152 17.3706 17.5166 17.5896 17.6443 17.6991 17.7538 17.8085 17.8633 17.9363 18.0092 18.0822 18.1735 18.2829 18.4289 18.7026 19.0493 19.4142 19.7974 20.1806 20.5272 20.8374 21.1111 21.3848 21.622 21.8227 22.0235 22.2059 22.3884 22.5526 22.6073 22.5891 22.5709 22.5344 22.5161 22.4249 22.2972 22.1877
18.1917 18.0822 17.991 17.8998 17.8085 17.7173 17.5348 17.2611 16.9509 16.6043 16.2028 15.7649 15.2905 14.8344 14.4329 14.1045 13.9403 13.8855 13.8673 13.8855 13.9403 14.0315 14.214 14.4694 14.7614 15.0898 15.4182 15.7832 16.1299 16.4765 16.8232 17.1152 17.3341 17.4436 17.5166 17.5896 17.6443 17.6991 17.7538 17.8268 17.8998 17.9727 18.064 18.1735 18.3194 18.5931 18.9581 19.3777 19.7791 20.1623 20.5455 20.8739 21.1841 21.4761 21.7133 21.9322 22.1329 22.2972 22.4796 22.6256 22.6621 22.6438 22.6073 22.5891 22.5709 22.5161 22.4249 22.3336
17.8633 17.7538 17.6443 17.5348 17.4254 17.3341 17.1334 16.8415 16.513 16.1299 15.6919 15.2175 14.7431 14.2687 13.8491 13.5389 13.3564 13.3382 13.3382 13.3564 13.4294 13.5936 13.8126 14.068 14.3782 14.7249 15.0716 15.4182 15.7832 16.1481 16.513 16.878 17.1517 17.3159 17.3889 17.4618 17.5348 17.6078 17.6626 17.7173 17.7903 17.8815 17.9545 18.064 18.21 18.4836 18.9033 19.3412 19.7609 20.1623 20.5637 20.9287 21.2571 21.5491 21.8045 22.0417 22.2424 22.4249 22.6073 22.6986 22.7168 22.6803 22.6621 22.6438 22.6256 22.6256 22.5526 22.4614
17.5531 17.4254 17.2976 17.1699 17.0604 16.9327 16.7137 16.4036 16.0386 15.619 15.1628 14.6701 14.1957 13.7213 13.3017 12.9915 12.809 12.7725 12.7908 12.9185 13.0645 13.2469 13.4659 13.7213 14.0315 14.36 14.7249 15.1081 15.4912 15.8744 16.2576 16.6225 16.9509 17.1517 17.2611 17.3524 17.4254 17.4983 17.5713 17.6443 17.6991 17.772 17.8633 17.9727 18.1005 18.3924 18.8668 19.323 19.7609 20.1806 20.582 20.9834 21.3483 21.6403 21.8957 22.1512 22.3701 22.5526 22.7168 22.7716 22.7716 22.7351 22.7168 22.6986 22.6986 22.6986 22.6621 22.5709
17.2429 17.0969 16.9509 16.8232 16.6955 16.5678 16.3123 15.9474 15.546 15.0898 14.6154 14.141 13.6483 13.1557 12.7543 12.4806 12.2799 12.2799 12.4076 12.5536 12.736 12.9367 13.1557 13.4111 13.7213 14.0498 14.4147 14.8161 15.2175 15.619 16.0204 16.3853 16.732 17.0057 17.1152 17.2246 17.3159 17.4071 17.4801 17.5531 17.6261 17.6991 17.7903 17.8815 18.0275 18.3559 18.8303 19.3047 19.7791 20.2171 20.6367 21.0564 21.4396 21.7498 22.0235 22.2607 22.4614 22.6621 22.8081 22.8628 22.8263 22.7898 22.7716 22.7533 22.7533 22.7533 22.7533 22.6803
16.9509 16.7685 16.6043 16.4583 16.3123 16.1663 15.9109 15.5095 15.0533 14.5607 14.068 13.5936 13.1009 12.6083 12.2434 12.0062 11.8784 11.9332 12.0791 12.2434 12.4441 12.663 12.9002 13.1557 13.4659 13.8126 14.1592 14.5607 14.9803 15.3818 15.7832 16.1663 16.5313 16.8415 16.9874 17.1152 17.2064 17.2976 17.3889 17.4801 17.5531 17.6261 17.7173 17.8085 17.9727 18.3377 18.8121 19.323 19.8156 20.29 20.728 21.1476 21.5491 21.8592 22.1329 22.3701 22.5891 22.7533 22.8628 22.8993 22.881 22.8628 22.8445 22.8263 22.8263 22.8263 22.8081 22.7898
16.6408 16.4583 16.2758 16.1116 15.9474 15.7832 15.5277 15.0898 14.5789 14.068 13.5571 13.0462 12.5536 12.0974 11.8602 11.696 11.623 11.6595 11.8237 12.0062 12.2251 12.4441 12.7178 12.9732 13.2834 13.6301 13.9768 14.3417 14.7431 15.1628 15.5825 15.9656 16.3306 16.659 16.8597 16.9874 17.1152 17.2246 17.3159 17.4071 17.4983 17.5713 17.6443 17.772 17.991 18.3377 18.8486 19.3595 19.8886 20.3813 20.8374 21.2571 21.6768 21.9687 22.2424 22.4796 22.6803 22.8263 22.9358 22.9175 22.8993 22.8993 22.8993 22.881 22.8628 22.8263 22.7898 22.7716
16.3488 16.1481 15.9656 15.7649 15.5825 15.4 15.1445 14.6701 14.1227 13.5936 13.0645 12.5718 12.1339 11.7872 11.6047 11.4953 11.4405 11.4405 11.6047 11.8237 12.0427 12.2799 12.5536 12.8455 13.1557 13.4841 13.8308 14.214 14.5789 14.9621 15.3818 15.7832 16.1663 16.4948 16.732 16.878 17.0239 17.1334 17.2429 17.3341 17.4071 17.4983 17.5713 17.7538 18.0275 18.3742 18.9033 19.4507 19.9799 20.4908 20.9834 21.4031 21.8045 22.1147 22.3701 22.5891 22.7533 22.881 22.9358 22.9175 22.8993 22.8628 22.8263 22.7716 22.7351 22.6803 22.6438 22.6256
16.0569 15.8562 15.6554 15.4547 15.2358 15.0351 14.7796 14.2687 13.7396 13.2287 12.736 12.3163 11.8967 11.5682 11.404 11.331 11.2945 11.3128 11.4588 11.696 11.9332 12.1886 12.4441 12.736 13.0462 13.3929 13.7396 14.1045 14.4877 14.8709 15.254 15.619 16.0021 16.3488 16.6043 16.732 16.8597 16.9874 17.0604 17.1517 17.2246 17.2976 17.4254 17.6443 17.9727 18.3377 18.8668 19.4325 19.9799 20.509 21.0017 21.4578 21.8775 22.1877 22.4431 22.6438 22.8081 22.8993 22.8628 22.8081 22.7533 22.6803 22.6256 22.5709 22.5161 22.4614 22.4249 22.3884
15.7832 15.5642 15.3453 15.1263 14.9073 14.7066 14.4694 14.0315 13.5571 13.0645 12.6083 12.1704 11.7507 11.4223 11.2763 11.2398 11.2033 11.2763 11.3675 11.6047 11.8419 12.0974 12.3893 12.6813 12.9915 13.3199 13.6848 14.068 14.4512 14.8344 15.1993 15.5642 15.8744 16.1481 16.3853 16.5313 16.6408 16.732 16.8232 16.8962 16.9874 17.0969 17.3341 17.6078 17.918 18.2829 18.8121 19.3412 19.8704 20.3995 20.9104 21.3848 21.8045 22.1147 22.3519 22.4979 22.5891 22.6073 22.5709 22.5161 22.4614 22.4066 22.3519 22.2972 22.2424 22.1877 22.1329 22.0964
15.5642 15.3453 15.1263 14.9256 14.7431 14.5789 14.3782 13.9585 13.5206 13.0827 12.6265 12.1886 11.7507 11.4223 11.2398 11.1668 11.1486 11.2033 11.3128 11.5682 11.8237 12.0609 12.3528 12.663 13.0097 13.3382 13.6848 14.0498 14.4329 14.8344 15.1628 15.473 15.7832 16.0386 16.2393 16.3306 16.4218 16.513 16.6225 16.7502 16.8962 17.0969 17.3159 17.5713 17.8633 18.1917 18.7026 19.2318 19.7609 20.2718 20.7827 21.2571 21.6403 21.8775 22.0417 22.1512 22.2059 22.1694 22.1329 22.0964 22.06 22.0052 21.9505 21.914 21.8775 21.8592 21.8227 21.7863
15.3635 15.1628 14.9803 14.7979 14.6336 14.4877 14.287 13.922 13.5206 13.1009 12.6813 12.2434 11.8237 11.5135 11.3128 11.1486 11.1121 11.1668 11.2945 11.5318 11.8054 12.0974 12.3893 12.6995 13.028 13.3929 13.7578 14.1227 14.4694 14.7979 15.1081 15.4 15.6554 15.9291 16.0751 16.1846 16.2941 16.4218 16.5495 16.6772 16.8597 17.0422 17.2611 17.5166 17.7903 18.1005 18.5931 19.104 19.6149 20.1258 20.6002 21.0199 21.3118 21.5308 21.6585 21.7133 21.7133 21.6768 21.6403 21.6038 21.5673 21.5308 21.5126 21.4761 21.4578 21.4396 21.4396 21.4396
15.2358 15.0533 14.8709 14.7066 14.5607 14.4147 14.2322 13.9038 13.5389 13.1374 12.736 12.3346 11.9149 11.6412 11.4405 11.2581 11.1121 11.1668 11.3128 11.55 11.8419 12.1521 12.4623 12.809 13.1374 13.5024 13.8673 14.1957 14.4877 14.7614 15.0351 15.327 15.5642 15.8197 15.9656 16.0934 16.1846 16.3123 16.4583 16.6043 16.7685 16.9509 17.1882 17.4254 17.6626 17.991 18.4654 18.9581 19.4325 19.8886 20.29 20.6915 20.9652 21.1294 21.2024 21.2206 21.1841 21.1476 21.1111 21.0746 21.0381 21.0199 21.0017 21.0017 20.9834 20.9834 20.9834 20.9834
15.1445 14.9621 14.7979 14.6519 14.5059 14.36 14.1775 13.8855 13.5571 13.1922 12.809 12.4258 12.0609 11.769 11.5865 11.404 11.2581 11.2216 11.3675 11.6047 11.9149 12.2434 12.5718 12.9185 13.3017 13.6301 13.922 14.2322 14.4877 14.7614 15.0168 15.2723 15.5095 15.7102 15.8562 15.9839 16.0934 16.2211 16.3671 16.4948 16.6408 16.8415 17.0422 17.2611 17.5166 17.845 18.2829 18.7573 19.177 19.5784 19.9616 20.3265 20.6002 20.6732 20.6732 20.655 20.6185 20.582 20.5455 20.509 20.4908 20.4725 20.4725 20.4725 20.4908 20.4908 20.4908 20.509
15.0716 14.9073 14.7431 14.5972 14.4512 14.3235 14.141 13.8855 13.5936 13.2469 12.9002 12.5353 12.1886 11.9149 11.7325 11.55 11.4223 11.3675 11.4588 11.696 12.0244 12.3711 12.7178 13.0645 13.3746 13.6848 13.9585 14.2322 14.4877 14.7431 14.9803 15.1993 15.4182 15.6007 15.7467 15.8927 16.0021 16.1116 16.2393 16.3671 16.513 16.6955 16.878 17.0969 17.3341 17.6626 18.0822 18.5019 18.8851 19.25 19.5967 19.9434 20.1441 20.1623 20.1258 20.0711 20.0346 19.9981 19.9616 19.9251 19.9069 19.9069 19.9069 19.9251 19.9434 19.9616 19.9799 19.9981
15.0168 14.8526 14.7066 14.5607 14.4147 14.2687 14.1227 13.8855 13.6301 13.3199 12.9915 12.6448 12.3163 12.0609 11.8784 11.7325 11.623 11.55 11.6047 11.8419 12.1704 12.5171 12.8637 13.1739 13.4476 13.7213 14.0133 14.2322 14.4877 14.7249 14.9621 15.1628 15.327 15.5095 15.6737 15.7832 15.9109 16.0021 16.1116 16.2211 16.3488 16.513 16.7137 16.9145 17.1334 17.4254 17.8268 18.21 18.5749 18.9033 19.2318 19.5237 19.6332 19.5784 19.5237 19.469 19.4142 19.3777 19.3412 19.323 19.3047 19.3047 19.323 19.3412 19.3595 19.396 19.4325 19.469
14.9803 14.8161 14.6701 14.5242 14.3964 14.2505 14.1227 13.9038 13.6666 13.3929 13.0827 12.7543 12.4441 12.2069 12.0244 11.8967 11.8237 11.769 11.8054 12.0427 12.3528 12.6995 12.9915 13.2834 13.5571 13.8126 14.0315 14.287 14.5059 14.7249 14.9256 15.1081 15.2723 15.4182 15.5825 15.6737 15.7649 15.8379 15.9291 16.0569 16.1846 16.3488 16.513 16.6955 16.9327 17.1882 17.5531 17.8998 18.2282 18.5201 18.8121 19.0493 19.0493 18.9763 18.9033 18.8486 18.7938 18.7573 18.7209 18.7026 18.7026 18.7026 18.7209 18.7391 18.7756 18.8121 18.8668 18.9033
14.9256 14.7796 14.6336 14.4877 14.36 14.2505 14.1227 13.922 13.7031 13.4476 13.1739 12.8637 12.5718 12.3528 12.1886 12.0791 12.0244 11.9879 12.0609 12.2799 12.5718 12.8637 13.1557 13.4111 13.6666 13.8855 14.1045 14.3235 14.5242 14.7249 14.9073 15.0533 15.1993 15.327 15.4912 15.5642 15.6372 15.7102 15.7832 15.8744 15.9839 16.1299 16.2758 16.4583 16.6772 16.9327 17.2611 17.5531 17.845 18.1187 18.3742 18.4654 18.4289 18.3377 18.2647 18.21 18.1552 18.1005 18.0822 18.064 18.064 18.0822 18.1005 18.1187 18.1552 18.21 18.2647 18.3194
