LOI200_dlc_km.asc
ncols         504
nrows         401
xllcorner     347695.93724505
yllcorner     611191.17937377
cellsize      10
NODATA_value  -9999
[rows 333 to 369 of 401, columns 410 to 491 of 504]
0.12 0.111 0.102 0.094 0.086 0.078 0.07 0.064 0.056 0.05 0.042 0.036 0.031 0.028 0.022 0.02 0.014 0.01 0.01 0.014 0.02 0.02 0.02 0.022 0.028 0.03 0.03 0.03 0.03 0.03 0.03 0.03 0.03 0.03 0.03 0.03 0.03 0.03 0.03 0.03 0.031 0.036 0.041 0.044 0.05 0.053 0.058 0.064 0.07 0.078 0.086 0.094 0.102 0.111 0.12 0.13 0.139 0.148 0.158 0.167 0.177 0.186 0.196 0.206 0.215 0.225 0.235 0.245 0.254 0.264 0.274 0.284 0.294 0.304 0.314 0.323 0.333 0.343 0.353 0.356 0.359 0.361
0.125 0.116 0.108 0.1 0.092 0.084 0.078 0.07 0.064 0.056 0.05 0.044 0.041 0.036 0.031 0.028 0.022 0.02 0.02 0.022 0.028 0.03 0.03 0.031 0.036 0.04 0.04 0.04 0.04 0.04 0.04 0.04 0.04 0.04 0.04 0.04 0.04 0.04 0.04 0.04 0.041 0.044 0.05 0.053 0.058 0.063 0.067 0.072 0.078 0.084 0.092 0.1 0.108 0.116 0.125 0.134 0.143 0.152 0.161 0.17 0.18 0.189 0.199 0.208 0.218 0.228 0.237 0.247 0.257 0.266 0.276 0.286 0.296 0.305 0.315 0.325 0.335 0.343 0.345 0.347 0.349 0.351
0.13 0.122 0.114 0.106 0.098 0.092 0.084 0.078 0.07 0.064 0.058 0.053 0.05 0.044 0.041 0.036 0.031 0.03 0.03 0.031 0.036 0.04 0.04 0.041 0.044 0.05 0.05 0.05 0.05 0.05 0.05 0.05 0.05 0.05 0.05 0.05 0.05 0.05 0.05 0.05 0.05 0.053 0.058 0.063 0.067 0.072 0.076 0.08 0.086 0.092 0.098 0.106 0.114 0.122 0.13 0.138 0.147 0.156 0.165 0.174 0.183 0.193 0.202 0.211 0.221 0.23 0.24 0.25 0.259 0.269 0.278 0.288 0.298 0.308 0.317 0.327 0.332 0.333 0.335 0.337 0.339 0.342
0.136 0.128 0.12 0.113 0.106 0.098 0.092 0.084 0.078 0.072 0.067 0.063 0.058 0.053 0.05 0.044 0.041 0.04 0.04 0.041 0.044 0.05 0.05 0.05 0.053 0.058 0.06 0.06 0.06 0.06 0.06 0.06 0.06 0.06 0.06 0.06 0.06 0.06 0.06 0.06 0.06 0.063 0.067 0.072 0.076 0.08 0.085 0.089 0.094 0.1 0.106 0.113 0.12 0.128 0.136 0.144 0.152 0.161 0.17 0.178 0.187 0.196 0.206 0.215 0.224 0.234 0.243 0.252 0.262 0.272 0.281 0.291 0.3 0.31 0.32 0.321 0.322 0.323 0.325 0.327 0.329 0.332
0.142 0.134 0.127 0.12 0.113 0.106 0.098 0.092 0.086 0.08 0.076 0.072 0.067 0.063 0.058 0.053 0.05 0.05 0.05 0.05 0.053 0.058 0.06 0.06 0.063 0.067 0.07 0.07 0.07 0.07 0.07 0.07 0.07 0.07 0.07 0.07 0.07 0.07 0.07 0.07 0.07 0.072 0.076 0.08 0.085 0.089 0.094 0.098 0.102 0.108 0.114 0.12 0.127 0.134 0.142 0.15 0.158 0.166 0.174 0.183 0.192 0.201 0.21 0.219 0.228 0.237 0.246 0.256 0.265 0.275 0.284 0.294 0.303 0.31 0.31 0.311 0.312 0.314 0.315 0.317 0.32 0.322
0.148 0.141 0.134 0.127 0.12 0.113 0.106 0.1 0.094 0.089 0.085 0.08 0.076 0.072 0.067 0.063 0.06 0.06 0.06 0.06 0.063 0.067 0.07 0.07 0.072 0.076 0.08 0.08 0.08 0.08 0.08 0.08 0.08 0.08 0.08 0.08 0.08 0.08 0.08 0.08 0.08 0.082 0.085 0.089 0.094 0.098 0.102 0.107 0.111 0.116 0.122 0.128 0.134 0.141 0.148 0.156 0.164 0.172 0.18 0.188 0.197 0.205 0.214 0.223 0.232 0.241 0.25 0.26 0.269 0.278 0.287 0.297 0.3 0.3 0.3 0.301 0.302 0.304 0.305 0.308 0.31 0.313
0.155 0.148 0.141 0.134 0.127 0.12 0.114 0.108 0.102 0.098 0.094 0.089 0.085 0.08 0.076 0.072 0.07 0.07 0.07 0.07 0.072 0.076 0.08 0.08 0.082 0.085 0.089 0.09 0.09 0.09 0.09 0.09 0.09 0.09 0.09 0.09 0.09 0.09 0.09 0.09 0.09 0.092 0.094 0.098 0.102 0.107 0.111 0.116 0.12 0.125 0.13 0.136 0.142 0.148 0.155 0.162 0.17 0.178 0.186 0.194 0.202 0.21 0.219 0.228 0.237 0.245 0.254 0.264 0.273 0.282 0.29 0.29 0.29 0.29 0.29 0.291 0.292 0.294 0.296 0.298 0.3 0.303
0.162 0.155 0.148 0.141 0.134 0.128 0.122 0.116 0.111 0.107 0.102 0.098 0.094 0.089 0.085 0.082 0.08 0.08 0.08 0.08 0.082 0.085 0.089 0.09 0.092 0.094 0.098 0.1 0.1 0.1 0.1 0.1 0.1 0.1 0.1 0.1 0.1 0.1 0.1 0.1 0.1 0.101 0.104 0.107 0.111 0.116 0.12 0.125 0.13 0.134 0.138 0.144 0.15 0.156 0.162 0.169 0.176 0.184 0.192 0.2 0.208 0.216 0.224 0.233 0.241 0.25 0.259 0.268 0.277 0.28 0.28 0.28 0.28 0.28 0.28 0.281 0.282 0.284 0.286 0.288 0.291 0.294
0.169 0.162 0.155 0.148 0.142 0.136 0.13 0.125 0.12 0.116 0.111 0.107 0.102 0.098 0.094 0.092 0.09 0.09 0.09 0.09 0.092 0.094 0.098 0.1 0.101 0.104 0.107 0.11 0.11 0.11 0.11 0.11 0.11 0.11 0.11 0.11 0.11 0.11 0.11 0.11 0.11 0.111 0.114 0.117 0.12 0.125 0.13 0.134 0.138 0.143 0.147 0.152 0.158 0.164 0.17 0.176 0.183 0.191 0.198 0.206 0.214 0.222 0.23 0.238 0.246 0.255 0.264 0.272 0.271 0.27 0.27 0.27 0.27 0.27 0.27 0.271 0.272 0.274 0.276 0.278 0.281 0.284
0.176 0.169 0.162 0.156 0.15 0.144 0.138 0.134 0.13 0.125 0.12 0.116 0.111 0.107 0.104 0.101 0.1 0.1 0.1 0.1 0.101 0.104 0.107 0.11 0.111 0.114 0.117 0.12 0.12 0.117 0.114 0.111 0.11 0.11 0.107 0.104 0.101 0.1 0.1 0.1 0.1 0.101 0.104 0.107 0.111 0.116 0.122 0.128 0.134 0.141 0.148 0.155 0.162 0.17 0.178 0.184 0.191 0.197 0.205 0.212 0.22 0.228 0.236 0.244 0.252 0.26 0.264 0.263 0.261 0.26 0.26 0.26 0.26 0.26 0.26 0.261 0.263 0.264 0.266 0.269 0.272 0.275
0.183 0.176 0.17 0.164 0.158 0.152 0.147 0.143 0.138 0.134 0.13 0.125 0.12 0.117 0.114 0.111 0.11 0.11 0.11 0.11 0.111 0.114 0.117 0.12 0.121 0.123 0.12 0.116 0.111 0.107 0.104 0.101 0.1 0.1 0.098 0.094 0.092 0.09 0.09 0.09 0.09 0.092 0.094 0.098 0.102 0.108 0.114 0.12 0.127 0.134 0.141 0.148 0.156 0.164 0.172 0.18 0.188 0.197 0.205 0.214 0.223 0.232 0.241 0.25 0.258 0.257 0.254 0.253 0.251 0.25 0.25 0.25 0.25 0.25 0.25 0.251 0.253 0.254 0.257 0.259 0.262 0.265
0.191 0.184 0.178 0.172 0.166 0.161 0.156 0.152 0.147 0.143 0.138 0.134 0.13 0.126 0.123 0.121 0.12 0.12 0.12 0.12 0.121 0.123 0.126 0.128 0.122 0.116 0.111 0.107 0.102 0.098 0.094 0.092 0.09 0.09 0.089 0.085 0.082 0.08 0.08 0.08 0.08 0.082 0.085 0.089 0.094 0.1 0.106 0.113 0.12 0.127 0.134 0.142 0.15 0.158 0.166 0.174 0.183 0.192 0.201 0.21 0.219 0.228 0.237 0.246 0.25 0.247 0.245 0.243 0.241 0.24 0.24 0.24 0.24 0.24 0.24 0.241 0.243 0.245 0.247 0.25 0.252 0.256
0.198 0.192 0.186 0.18 0.174 0.17 0.165 0.161 0.156 0.152 0.147 0.143 0.139 0.136 0.133 0.131 0.13 0.13 0.13 0.13 0.131 0.133 0.127 0.12 0.114 0.108 0.102 0.098 0.094 0.089 0.085 0.082 0.08 0.08 0.08 0.076 0.072 0.07 0.07 0.07 0.07 0.072 0.076 0.08 0.086 0.092 0.098 0.106 0.113 0.12 0.128 0.136 0.144 0.152 0.161 0.17 0.178 0.187 0.196 0.206 0.215 0.224 0.234 0.24 0.24 0.237 0.235 0.233 0.231 0.23 0.23 0.23 0.23 0.23 0.23 0.231 0.233 0.235 0.237 0.24 0.243 0.246
0.206 0.2 0.194 0.188 0.183 0.178 0.174 0.17 0.165 0.161 0.156 0.152 0.148 0.145 0.143 0.141 0.14 0.14 0.14 0.136 0.13 0.125 0.12 0.113 0.106 0.1 0.094 0.089 0.085 0.08 0.076 0.072 0.07 0.07 0.07 0.067 0.063 0.06 0.06 0.06 0.06 0.063 0.067 0.072 0.078 0.084 0.092 0.098 0.106 0.114 0.122 0.13 0.138 0.147 0.156 0.165 0.174 0.183 0.193 0.202 0.211 0.221 0.23 0.23 0.23 0.228 0.225 0.223 0.222 0.22 0.22 0.22 0.22 0.22 0.22 0.222 0.223 0.225 0.228 0.23 0.234 0.237
0.214 0.208 0.202 0.197 0.192 0.187 0.183 0.178 0.174 0.17 0.165 0.161 0.158 0.155 0.152 0.151 0.147 0.141 0.134 0.128 0.122 0.116 0.111 0.106 0.098 0.092 0.086 0.08 0.076 0.072 0.067 0.063 0.06 0.06 0.06 0.058 0.053 0.05 0.05 0.05 0.05 0.053 0.058 0.064 0.07 0.078 0.084 0.092 0.1 0.108 0.116 0.125 0.134 0.143 0.152 0.161 0.17 0.18 0.189 0.199 0.208 0.218 0.22 0.22 0.221 0.218 0.215 0.213 0.212 0.21 0.21 0.21 0.21 0.21 0.21 0.212 0.213 0.215 0.218 0.221 0.224 0.228
0.222 0.216 0.21 0.205 0.201 0.196 0.192 0.187 0.183 0.178 0.174 0.169 0.162 0.156 0.15 0.144 0.138 0.134 0.127 0.12 0.114 0.108 0.102 0.098 0.092 0.084 0.078 0.072 0.067 0.063 0.058 0.053 0.05 0.05 0.05 0.05 0.044 0.041 0.04 0.04 0.041 0.044 0.05 0.056 0.064 0.07 0.078 0.086 0.094 0.102 0.111 0.12 0.13 0.139 0.148 0.158 0.167 0.177 0.186 0.196 0.206 0.21 0.21 0.21 0.211 0.208 0.206 0.203 0.202 0.2 0.2 0.2 0.2 0.2 0.2 0.202 0.203 0.206 0.208 0.211 0.215 0.219
0.23 0.224 0.219 0.214 0.21 0.205 0.201 0.194 0.186 0.178 0.17 0.162 0.155 0.148 0.142 0.136 0.13 0.125 0.12 0.113 0.106 0.1 0.094 0.089 0.084 0.078 0.07 0.064 0.058 0.053 0.05 0.044 0.041 0.04 0.04 0.04 0.036 0.031 0.03 0.03 0.031 0.036 0.042 0.05 0.056 0.064 0.072 0.08 0.089 0.098 0.107 0.117 0.126 0.136 0.145 0.155 0.164 0.174 0.184 0.194 0.2 0.2 0.2 0.2 0.202 0.199 0.196 0.194 0.192 0.191 0.19 0.19 0.19 0.19 0.191 0.192 0.194 0.196 0.199 0.202 0.206 0.21
0.238 0.233 0.228 0.223 0.214 0.205 0.197 0.188 0.18 0.172 0.164 0.156 0.148 0.141 0.134 0.128 0.122 0.116 0.111 0.106 0.098 0.092 0.086 0.08 0.076 0.07 0.064 0.056 0.05 0.044 0.041 0.036 0.031 0.03 0.03 0.03 0.028 0.022 0.02 0.02 0.022 0.028 0.036 0.042 0.05 0.058 0.067 0.076 0.085 0.094 0.104 0.114 0.123 0.133 0.143 0.152 0.162 0.172 0.182 0.191 0.19 0.19 0.19 0.191 0.192 0.189 0.186 0.184 0.182 0.181 0.18 0.18 0.18 0.18 0.181 0.182 0.184 0.186 0.189 0.193 0.196 0.201
0.246 0.237 0.228 0.219 0.21 0.201 0.192 0.183 0.174 0.166 0.158 0.15 0.142 0.134 0.127 0.12 0.114 0.108 0.102 0.098 0.092 0.084 0.078 0.072 0.067 0.063 0.056 0.05 0.042 0.036 0.031 0.028 0.022 0.02 0.02 0.02 0.02 0.014 0.01 0.01 0.014 0.022 0.028 0.036 0.044 0.053 0.063 0.072 0.082 0.092 0.101 0.111 0.121 0.131 0.141 0.151 0.161 0.17 0.18 0.181 0.18 0.18 0.18 0.181 0.182 0.18 0.177 0.174 0.172 0.171 0.17 0.17 0.17 0.17 0.171 0.172 0.174 0.177 0.18 0.183 0.187 0.192
0.243 0.234 0.224 0.215 0.206 0.196 0.187 0.178 0.17 0.161 0.152 0.144 0.136 0.128 0.12 0.113 0.106 0.1 0.094 0.089 0.084 0.078 0.07 0.064 0.058 0.053 0.05 0.042 0.036 0.028 0.022 0.02 0.014 0.01 0.01 0.01 0.01 0.01 0 0 0.01 0.014 0.022 0.031 0.041 0.05 0.06 0.07 0.08 0.09 0.1 0.11 0.12 0.13 0.139 0.148 0.158 0.167 0.172 0.171 0.17 0.17 0.17 0.171 0.172 0.17 0.167 0.164 0.162 0.161 0.16 0.16 0.16 0.16 0.161 0.162 0.164 0.167 0.17 0.174 0.178 0.183
0.24 0.23 0.221 0.211 0.202 0.193 0.183 0.174 0.165 0.156 0.147 0.138 0.13 0.122 0.114 0.106 0.098 0.092 0.086 0.08 0.076 0.07 0.064 0.056 0.05 0.044 0.041 0.036 0.028 0.022 0.014 0.01 0.01 0 0 0 0 0 0 0 0 0.01 0.02 0.03 0.04 0.05 0.06 0.07 0.08 0.089 0.098 0.107 0.117 0.126 0.136 0.145 0.155 0.164 0.162 0.161 0.16 0.16 0.16 0.161 0.162 0.161 0.158 0.155 0.152 0.151 0.15 0.15 0.15 0.15 0.151 0.152 0.155 0.158 0.161 0.165 0.17 0.174
0.237 0.228 0.218 0.208 0.199 0.189 0.18 0.17 0.161 0.152 0.143 0.134 0.125 0.116 0.108 0.1 0.092 0.084 0.078 0.072 0.067 0.063 0.056 0.05 0.042 0.036 0.031 0.028 0.022 0.014 0.01 0 0 0 0 0 0 0 0 0 0 0.01 0.02 0.03 0.04 0.05 0.058 0.067 0.076 0.085 0.094 0.104 0.114 0.123 0.133 0.143 0.152 0.155 0.152 0.151 0.15 0.15 0.15 0.151 0.152 0.151 0.148 0.145 0.143 0.141 0.14 0.14 0.14 0.14 0.141 0.143 0.145 0.148 0.152 0.156 0.161 0.165
0.235 0.225 0.215 0.206 0.196 0.186 0.177 0.167 0.158 0.148 0.139 0.13 0.12 0.111 0.102 0.094 0.086 0.078 0.07 0.064 0.058 0.053 0.05 0.042 0.036 0.028 0.022 0.02 0.014 0.01 0 0 0 0 0 0 0 0 0 0 0 0.01 0.02 0.028 0.036 0.044 0.053 0.063 0.072 0.082 0.092 0.101 0.111 0.12 0.13 0.139 0.148 0.145 0.143 0.141 0.14 0.14 0.14 0.141 0.143 0.141 0.139 0.136 0.133 0.131 0.13 0.13 0.13 0.13 0.131 0.133 0.136 0.139 0.143 0.147 0.152 0.156
0.233 0.223 0.213 0.203 0.194 0.184 0.174 0.164 0.155 0.145 0.136 0.126 0.117 0.107 0.098 0.089 0.08 0.072 0.064 0.056 0.05 0.044 0.041 0.036 0.028 0.022 0.014 0.01 0.01 0 0 0 0 0 0 0 0 0 0 0 0 0.01 0.014 0.022 0.031 0.041 0.05 0.06 0.07 0.08 0.089 0.098 0.107 0.117 0.126 0.136 0.139 0.136 0.133 0.131 0.13 0.13 0.13 0.131 0.133 0.131 0.13 0.126 0.123 0.121 0.12 0.12 0.12 0.12 0.121 0.123 0.126 0.13 0.134 0.138 0.143 0.147
0.231 0.222 0.212 0.202 0.192 0.182 0.172 0.162 0.152 0.143 0.133 0.123 0.114 0.104 0.094 0.085 0.076 0.067 0.058 0.05 0.042 0.036 0.031 0.028 0.022 0.014 0.01 0 0 0 0 0 0 0 0 0 0 0 0 0 0 0 0.01 0.02 0.03 0.04 0.05 0.058 0.067 0.076 0.085 0.094 0.104 0.114 0.123 0.13 0.13 0.126 0.123 0.121 0.12 0.12 0.12 0.121 0.123 0.121 0.12 0.117 0.114 0.111 0.11 0.11 0.11 0.11 0.111 0.114 0.117 0.12 0.125 0.13 0.134 0.138
0.23 0.22 0.21 0.2 0.191 0.181 0.171 0.161 0.151 0.141 0.131 0.121 0.111 0.101 0.092 0.082 0.072 0.063 0.053 0.044 0.036 0.028 0.022 0.02 0.014 0.01 0 0 0 0 0 0 0 0 0 0 0 0 0 0 0 0 0.01 0.02 0.028 0.036 0.044 0.053 0.063 0.072 0.082 0.092 0.101 0.111 0.117 0.12 0.12 0.117 0.114 0.111 0.11 0.11 0.11 0.111 0.114 0.111 0.11 0.107 0.104 0.101 0.1 0.1 0.1 0.1 0.101 0.104 0.107 0.111 0.116 0.12 0.125 0.13
0.23 0.22 0.21 0.2 0.19 0.18 0.17 0.16 0.15 0.14 0.13 0.12 0.11 0.1 0.09 0.08 0.07 0.06 0.05 0.041 0.031 0.022 0.014 0.01 0.01 0 0 0 0 0 0 0 0 0 0 0 0 0 0 0 0 0 0.01 0.014 0.022 0.031 0.041 0.05 0.06 0.07 0.08 0.089 0.098 0.104 0.107 0.11 0.11 0.107 0.104 0.101 0.1 0.1 0.1 0.101 0.104 0.101 0.1 0.098 0.094 0.092 0.09 0.09 0.09 0.09 0.092 0.094 0.098 0.102 0.107 0.111 0.116 0.122
0.23 0.22 0.21 0.2 0.19 0.18 0.17 0.16 0.15 0.14 0.13 0.12 0.11 0.1 0.09 0.08 0.07 0.06 0.05 0.04 0.03 0.02 0.01 0 0 0 0 0 0 0 0 0 0 0 0 0 0 0 0 0 0 0 0 0.01 0.02 0.03 0.04 0.05 0.058 0.067 0.076 0.084 0.092 0.094 0.098 0.1 0.1 0.098 0.094 0.092 0.09 0.09 0.09 0.092 0.094 0.092 0.09 0.089 0.085 0.082 0.08 0.08 0.08 0.08 0.082 0.085 0.089 0.094 0.098 0.102 0.108 0.114
0.23 0.22 0.21 0.2 0.19 0.18 0.17 0.16 0.15 0.14 0.13 0.12 0.11 0.1 0.09 0.08 0.07 0.06 0.05 0.04 0.03 0.02 0.01 0 0 0 0 0 0 0 0 0 0 0 0 0 0 0 0 0 0 0 0 0.01 0.02 0.028 0.036 0.044 0.053 0.063 0.07 0.078 0.082 0.085 0.089 0.09 0.09 0.089 0.085 0.082 0.08 0.08 0.08 0.082 0.085 0.082 0.08 0.08 0.076 0.072 0.07 0.07 0.07 0.07 0.072 0.076 0.08 0.085 0.089 0.094 0.1 0.106
0.23 0.22 0.21 0.2 0.19 0.18 0.17 0.16 0.15 0.14 0.13 0.12 0.11 0.1 0.09 0.08 0.07 0.06 0.05 0.04 0.03 0.02 0.01 0 0 0 0 0 0 0 0 0 0 0 0 0 0 0 0 0 0 0 0 0.01 0.014 0.022 0.031 0.041 0.05 0.056 0.064 0.07 0.072 0.076 0.08 0.08 0.08 0.08 0.076 0.072 0.07 0.07 0.07 0.072 0.076 0.072 0.07 0.07 0.067 0.063 0.06 0.06 0.06 0.06 0.063 0.067 0.072 0.076 0.08 0.086 0.092 0.098
0.23 0.22 0.21 0.2 0.19 0.18 0.17 0.16 0.15 0.14 0.13 0.12 0.11 0.1 0.09 0.08 0.07 0.06 0.05 0.04 0.03 0.02 0.01 0 0 0 0 0 0 0 0 0 0 0 0 0 0 0 0 0 0 0 0 0 0.01 0.02 0.028 0.036 0.042 0.05 0.058 0.06 0.063 0.067 0.07 0.07 0.07 0.07 0.067 0.063 0.06 0.06 0.06 0.063 0.067 0.063 0.06 0.06 0.058 0.053 0.05 0.05 0.05 0.05 0.053 0.058 0.063 0.067 0.072 0.078 0.084 0.092
0.23 0.22 0.21 0.2 0.19 0.18 0.17 0.16 0.15 0.14 0.13 0.12 0.11 0.1 0.09 0.08 0.07 0.06 0.05 0.04 0.03 0.02 0.01 0 0 0 0 0 0 0 0 0 0 0 0 0 0 0 0 0 0 0 0 0 0.01 0.014 0.022 0.028 0.036 0.044 0.05 0.05 0.053 0.058 0.06 0.06 0.06 0.06 0.058 0.053 0.05 0.05 0.05 0.053 0.058 0.053 0.05 0.05 0.05 0.044 0.041 0.04 0.04 0.041 0.044 0.05 0.053 0.058 0.064 0.07 0.078 0.086
0.23 0.22 0.21 0.2 0.19 0.18 0.17 0.16 0.15 0.14 0.13 0.12 0.11 0.1 0.09 0.08 0.07 0.06 0.05 0.041 0.031 0.022 0.014 0.01 0.01 0 0 0 0 0 0 0 0 0 0.01 0.01 0.01 0.01 0.01 0 0 0 0 0 0 0.01 0.014 0.022 0.031 0.036 0.04 0.041 0.044 0.05 0.05 0.05 0.05 0.05 0.05 0.044 0.041 0.04 0.041 0.044 0.05 0.044 0.041 0.04 0.04 0.036 0.031 0.03 0.03 0.031 0.036 0.041 0.044 0.05 0.056 0.064 0.072 0.08
0.23 0.22 0.21 0.2 0.191 0.181 0.171 0.161 0.151 0.141 0.131 0.121 0.111 0.101 0.092 0.082 0.072 0.063 0.053 0.044 0.036 0.028 0.022 0.02 0.014 0.01 0.01 0 0 0 0 0 0 0.01 0.014 0.02 0.02 0.02 0.014 0.01 0 0 0 0 0 0 0.01 0.02 0.022 0.028 0.03 0.031 0.036 0.04 0.04 0.04 0.04 0.04 0.04 0.036 0.031 0.03 0.031 0.036 0.04 0.036 0.031 0.03 0.03 0.028 0.022 0.02 0.02 0.022 0.028 0.031 0.036 0.042 0.05 0.058 0.067 0.076
0.231 0.222 0.212 0.202 0.192 0.182 0.172 0.162 0.152 0.143 0.133 0.123 0.114 0.104 0.094 0.085 0.076 0.067 0.058 0.05 0.042 0.036 0.031 0.028 0.022 0.02 0.014 0.01 0.01 0 0 0 0.01 0.014 0.022 0.028 0.03 0.028 0.022 0.014 0.01 0 0 0 0 0 0.01 0.01 0.014 0.02 0.02 0.022 0.028 0.03 0.03 0.03 0.03 0.03 0.03 0.028 0.022 0.02 0.022 0.028 0.03 0.028 0.022 0.02 0.02 0.02 0.014 0.01 0.01 0.014 0.02 0.022 0.028 0.036 0.044 0.053 0.063 0.072
0.233 0.223 0.213 0.203 0.194 0.184 0.174 0.164 0.155 0.145 0.136 0.126 0.117 0.107 0.098 0.089 0.08 0.072 0.064 0.056 0.05 0.044 0.041 0.036 0.031 0.028 0.022 0.02 0.014 0.01 0.01 0.01 0.014 0.022 0.028 0.036 0.04 0.036 0.028 0.022 0.014 0.01 0 0 0 0 0 0 0.01 0.01 0.01 0.014 0.02 0.02 0.02 0.02 0.02 0.02 0.02 0.02 0.014 0.01 0.014 0.02 0.02 0.02 0.014 0.01 0.01 0.01 0.01 0 0 0.01 0.01 0.014 0.022 0.031 0.041 0.05 0.058 0.067
0.235 0.225 0.215 0.206 0.196 0.186 0.177 0.167 0.158 0.148 0.139 0.13 0.12 0.111 0.102 0.094 0.086 0.078 0.07 0.064 0.058 0.053 0.05 0.044 0.041 0.036 0.031 0.028 0.022 0.02 0.02 0.02 0.022 0.028 0.036 0.042 0.05 0.042 0.036 0.028 0.02 0.01 0 0 0 0 0 0 0 0 0 0.01 0.01 0.01 0.01 0.01 0.01 0.01 0.01 0.01 0.01 0 0.01 0.01 0.01 0.01 0.01 0 0 0 0 0 0 0 0 0.01 0.02 0.028 0.036 0.044 0.053 0.063
