data/LOI200_Meandbh_cm.asc
ncols         504
nrows         401
xllcorner     347695.93724505
yllcorner     611191.17937377
cellsize      10
NODATA_value  -9999
[rows 30 to 59 of 401, columns 340 to 407 of 504]
19.734 19.7037 19.6734 19.6532 19.6431 19.633 19.6431 19.6532 19.6431 19.5825 19.5117 19.4309 19.34 19.2389 19.1379 19.0369 18.9156 18.7944 18.6731 18.5519 18.4206 18.2892 18.1882 18.168 18.1781 18.1882 18.168 18.168 18.168 18.168 18.168 18.168 18.168 18.1882 18.1983 18.2185 18.2387 18.269 18.2993 18.3498 18.4004 18.461 18.5418 18.6327 18.7237 18.8146 18.8995 18.952 18.9985 19.0389 19.0692 19.1157 19.1783 19.2571 19.3359 19.4309 19.4996 19.5582 19.6229 19.6613 19.6693 19.6572 19.5926 19.4471 19.2531 19.0268 18.8004 18.5741
19.5723 19.542 19.5117 19.4814 19.4713 19.4612 19.4713 19.4713 19.4511 19.3905 19.3097 19.2187 19.1379 19.0369 18.9358 18.8247 18.7035 18.5822 18.4509 18.3296 18.1983 18.0669 18.0063 18.0265 18.0568 18.0871 18.0972 18.0972 18.0972 18.0972 18.0972 18.0972 18.0972 18.1175 18.1276 18.1478 18.168 18.1983 18.2286 18.269 18.3195 18.3801 18.4509 18.5418 18.6428 18.7439 18.8287 18.8813 18.9379 18.9944 19.0348 19.0975 19.1702 19.2329 19.3117 19.4168 19.4855 19.5542 19.6027 19.6673 19.6855 19.6734 19.6087 19.4794 19.2854 19.0753 18.8489 18.6226
19.4208 19.3804 19.3501 19.3198 19.2996 19.2895 19.2996 19.2793 19.249 19.1783 19.0975 19.0167 18.9257 18.8247 18.7237 18.6024 18.4711 18.3498 18.2185 18.0871 17.9659 17.875 17.8548 17.8851 17.9255 17.9659 17.9962 18.0265 18.0265 18.0265 18.0265 18.0265 18.0265 18.0467 18.0568 18.077 18.0972 18.1276 18.1579 18.1983 18.2387 18.2993 18.37 18.461 18.562 18.663 18.758 18.8207 18.8934 18.9601 19.0005 19.0894 19.146 19.2187 19.2975 19.3763 19.4713 19.54 19.5986 19.6633 19.7017 19.6895 19.6411 19.5117 19.3339 19.1238 18.9136 18.6873
19.2591 19.2187 19.1884 19.1581 19.1379 19.1278 19.1177 19.0874 19.047 18.9661 18.8853 18.8045 18.7035 18.5923 18.4812 18.3801 18.2488 18.1175 17.9861 17.8548 17.7436 17.6729 17.7032 17.7436 17.7941 17.8447 17.8851 17.9356 17.9558 17.9558 17.9558 17.9558 17.9558 17.976 17.9861 18.0063 18.0265 18.0568 18.0871 18.1276 18.168 18.2185 18.2892 18.3801 18.4812 18.5923 18.6873 18.76 18.859 18.9257 18.9924 19.0652 19.1379 19.2106 19.2733 19.3622 19.4673 19.536 19.6047 19.6532 19.7077 19.6956 19.6572 19.5441 19.3662 19.1723 18.9783 18.7681
19.0975 19.0571 19.0268 18.9965 18.9762 18.9661 18.9459 18.9055 18.8348 18.7439 18.6529 18.562 18.4711 18.3599 18.2387 18.1377 18.0063 17.875 17.7335 17.6224 17.5416 17.5112 17.5517 17.6022 17.6527 17.7133 17.7638 17.8245 17.875 17.8851 17.8851 17.8851 17.8851 17.9053 17.9154 17.9356 17.9558 17.9861 18.0164 18.0568 18.0972 18.1478 18.2084 18.2993 18.4004 18.5216 18.6267 18.7156 18.8247 18.9075 18.9742 19.0409 19.1399 19.1965 19.2692 19.3582 19.4471 19.542 19.6107 19.6693 19.7239 19.7279 19.7057 19.5764 19.4147 19.2369 19.0591 18.8489
18.9459 18.9055 18.8752 18.8449 18.8247 18.8045 18.7641 18.7136 18.6226 18.5418 18.4307 18.3296 18.2286 18.1175 17.9962 17.8851 17.7537 17.6224 17.491 17.4102 17.3395 17.3395 17.3799 17.4506 17.5112 17.582 17.6426 17.7133 17.7739 17.8144 17.8144 17.8144 17.8245 17.8346 17.8447 17.8649 17.8851 17.9154 17.9457 17.9861 18.0265 18.077 18.1276 18.2185 18.3195 18.4509 18.566 18.6812 18.7802 18.8995 18.9762 19.0429 19.1258 19.2086 19.2814 19.3541 19.443 19.5481 19.633 19.7017 19.7401 19.7542 19.738 19.6087 19.4632 19.3177 19.1399 18.9621
18.7944 18.754 18.7237 18.6933 18.663 18.6428 18.5923 18.5216 18.4307 18.3397 18.2185 18.0972 17.9861 17.8649 17.7436 17.6325 17.5011 17.3698 17.2688 17.198 17.1475 17.1576 17.2081 17.289 17.3597 17.4405 17.5214 17.6022 17.6729 17.7335 17.7537 17.7537 17.7638 17.7739 17.784 17.8042 17.8245 17.8548 17.8851 17.9154 17.9558 18.0063 18.0568 18.1377 18.2387 18.3801 18.5216 18.6469 18.756 18.8752 18.9783 19.0449 19.1217 19.2207 19.2935 19.3763 19.4653 19.5542 19.6491 19.734 19.7724 19.7704 19.7542 19.6734 19.5279 19.3662 19.2207 19.0591
18.6428 18.6024 18.562 18.5317 18.5014 18.4812 18.4206 18.3296 18.2488 18.1377 18.0063 17.875 17.7436 17.6123 17.491 17.3698 17.2385 17.1273 17.0465 16.9859 16.9556 16.9758 17.0263 17.1172 17.2081 17.289 17.39 17.491 17.5719 17.6426 17.6931 17.6931 17.7032 17.7133 17.7234 17.7436 17.7638 17.7941 17.8245 17.8548 17.8952 17.9356 17.9861 18.0568 18.1579 18.3094 18.461 18.5863 18.7317 18.8611 18.9803 19.0571 19.1339 19.2167 19.3157 19.4147 19.4875 19.5764 19.6653 19.7502 19.8047 19.8027 19.7704 19.7057 19.5764 19.4471 19.3016 19.1399
18.4913 18.4408 18.4004 18.37 18.3397 18.3195 18.2387 18.1579 18.0669 17.9356 17.7941 17.6426 17.5011 17.3496 17.2182 17.097 16.9556 16.8747 16.8141 16.7636 16.7333 16.7636 16.8444 16.9455 17.0465 17.1374 17.2385 17.3496 17.4506 17.5315 17.6022 17.6224 17.6426 17.6527 17.6628 17.683 17.7032 17.7335 17.7638 17.7941 17.8346 17.875 17.9255 17.9861 18.077 18.2387 18.3902 18.5519 18.7075 18.8469 18.9661 19.0692 19.146 19.2389 19.3379 19.437 19.536 19.6087 19.6976 19.7663 19.8209 19.835 19.8189 19.7542 19.6411 19.5117 19.3824 19.2531
18.3397 18.2892 18.2488 18.2185 18.1882 18.1579 18.0669 17.976 17.875 17.7335 17.5719 17.4001 17.2284 17.0667 16.9151 16.7939 16.6828 16.6019 16.5514 16.5009 16.4908 16.5211 16.612 16.7232 16.8545 16.9758 17.0869 17.2081 17.3193 17.4203 17.5011 17.5517 17.5719 17.582 17.6022 17.6224 17.6426 17.6729 17.7032 17.7335 17.7739 17.8144 17.8649 17.9255 18.0063 18.1579 18.3296 18.5014 18.6671 18.8328 18.9621 19.0813 19.1844 19.2612 19.3703 19.4794 19.5784 19.6673 19.7562 19.8148 19.8532 19.8674 19.8512 19.8189 19.7219 19.5764 19.4632 19.3339
18.1882 18.1377 18.0972 18.0669 18.0366 17.9962 17.9053 17.8042 17.6729 17.5112 17.3294 17.1475 16.9657 16.7838 16.6019 16.4504 16.3595 16.2786 16.2281 16.1978 16.2079 16.2281 16.3291 16.4403 16.5817 16.7232 16.8747 17.0263 17.1576 17.2789 17.39 17.4607 17.5011 17.5112 17.5315 17.5517 17.582 17.6123 17.6426 17.6729 17.7133 17.7537 17.8042 17.8649 17.9457 18.0972 18.269 18.4509 18.6428 18.8186 18.9581 19.0874 19.2167 19.3097 19.4127 19.5218 19.6208 19.7098 19.8148 19.8734 19.9381 19.9159 19.8835 19.8674 19.7865 19.6734 19.5602 19.4147
18.0265 17.976 17.9356 17.8952 17.8649 17.8245 17.7335 17.6123 17.4607 17.289 17.097 16.8949 16.6929 16.4807 16.2685 16.1069 16.0159 15.9553 15.9149 15.8947 15.9149 15.9452 16.0463 16.1574 16.3089 16.4605 16.6221 16.7939 16.9657 17.1172 17.2486 17.3597 17.4203 17.4405 17.4607 17.4809 17.5112 17.5416 17.582 17.6123 17.6527 17.6931 17.7436 17.8042 17.8851 18.0366 18.2185 18.4004 18.6125 18.7984 18.9641 19.1197 19.249 19.3784 19.4814 19.5744 19.6734 19.7785 19.8573 19.932 19.9967 19.9644 19.9482 19.9159 19.8512 19.7542 19.6411 19.5279
17.8649 17.8144 17.7638 17.7234 17.683 17.6325 17.5315 17.4001 17.2486 17.0667 16.8545 16.6323 16.3898 16.1574 15.9351 15.7634 15.6724 15.632 15.6017 15.6017 15.6219 15.6623 15.7634 15.8846 16.0361 16.2079 16.3797 16.5615 16.7434 16.9354 17.097 17.2385 17.3193 17.3597 17.39 17.4203 17.4506 17.4809 17.5112 17.5517 17.5921 17.6325 17.683 17.7436 17.8245 17.976 18.168 18.37 18.5822 18.7944 18.9803 19.146 19.2915 19.4309 19.5501 19.6431 19.7421 19.831 19.926 20.0108 20.029 20.0129 19.9967 19.9644 19.9482 19.8674 19.7542 19.6572
17.6931 17.6325 17.582 17.5315 17.4809 17.4304 17.3294 17.1778 17.0061 16.8141 16.5918 16.3494 16.0867 15.8341 15.6118 15.4299 15.339 15.3087 15.2986 15.3087 15.339 15.3895 15.4906 15.632 15.7937 15.9755 16.1574 16.3595 16.5514 16.7434 16.9354 17.097 17.2182 17.2789 17.3193 17.3597 17.39 17.4203 17.4506 17.491 17.5315 17.5719 17.6224 17.683 17.7638 17.9154 18.1175 18.3498 18.5721 18.7843 18.9965 19.1723 19.3379 19.4935 19.6128 19.7219 19.8209 19.8997 19.9947 20.0634 20.0775 20.0614 20.029 20.0129 19.9967 19.9482 19.8674 19.7865
17.5112 17.4506 17.39 17.3294 17.2688 17.2182 17.1071 16.9455 16.7636 16.5514 16.3089 16.0463 15.7836 15.5209 15.2885 15.1167 15.0157 15.0056 15.0056 15.0157 15.0561 15.147 15.2683 15.4097 15.5815 15.7735 15.9654 16.1574 16.3595 16.5615 16.7636 16.9657 17.1172 17.2081 17.2486 17.289 17.3294 17.3698 17.4001 17.4304 17.4708 17.5214 17.5618 17.6224 17.7032 17.8548 18.0871 18.3296 18.562 18.7843 19.0066 19.2086 19.3844 19.54 19.6754 19.8007 19.8997 19.9886 20.0836 20.122 20.126 20.0937 20.0775 20.0614 20.0452 20.0452 19.9805 19.8997
17.3395 17.2688 17.198 17.1273 17.0667 16.996 16.8747 16.703 16.5009 16.2685 16.0159 15.7432 15.4805 15.2178 14.9854 14.8136 14.7126 14.6924 14.7025 14.7732 14.854 14.9551 15.0763 15.2178 15.3895 15.5714 15.7735 15.9856 16.1978 16.41 16.6221 16.8242 17.0061 17.1172 17.1778 17.2284 17.2688 17.3092 17.3496 17.39 17.4203 17.4607 17.5112 17.5719 17.6426 17.8042 18.0669 18.3195 18.562 18.7944 19.0167 19.2389 19.441 19.5966 19.732 19.8734 19.9886 20.0836 20.1624 20.1806 20.1745 20.1422 20.126 20.1098 20.1098 20.1098 20.0775 19.9967
17.1677 17.0869 17.0061 16.9354 16.8646 16.7939 16.6525 16.4504 16.2281 15.9755 15.7128 15.4502 15.1774 14.9046 14.6823 14.5307 14.4196 14.4196 14.4903 14.5712 14.6722 14.7833 14.9046 15.046 15.2178 15.3996 15.6017 15.824 16.0463 16.2685 16.4908 16.6929 16.8848 17.0364 17.097 17.1576 17.2081 17.2587 17.2991 17.3395 17.3799 17.4203 17.4708 17.5214 17.6022 17.784 18.0467 18.3094 18.5721 18.8146 19.047 19.2793 19.4915 19.6633 19.8148 19.9401 20.0452 20.1563 20.2311 20.2553 20.223 20.1907 20.1745 20.1583 20.1583 20.1583 20.1583 20.0937
17.0061 16.905 16.8141 16.7333 16.6525 16.5716 16.4302 16.2079 15.9553 15.6825 15.4097 15.147 14.8743 14.6015 14.3994 14.2681 14.1973 14.2276 14.3085 14.3994 14.5105 14.6318 14.7631 14.9046 15.0763 15.2683 15.4603 15.6825 15.9149 16.1372 16.3595 16.5716 16.7737 16.9455 17.0263 17.097 17.1475 17.198 17.2486 17.2991 17.3395 17.3799 17.4304 17.4809 17.5719 17.7739 18.0366 18.3195 18.5923 18.855 19.0975 19.3299 19.5521 19.7239 19.8754 20.0068 20.128 20.2129 20.2675 20.2877 20.2715 20.2553 20.2392 20.223 20.223 20.223 20.2068 20.1907
16.8343 16.7333 16.6323 16.5413 16.4504 16.3595 16.218 15.9755 15.6926 15.4097 15.1268 14.8439 14.5712 14.3186 14.1872 14.0963 14.0559 14.0761 14.167 14.2681 14.3893 14.5105 14.6621 14.8035 14.9753 15.1673 15.3592 15.5613 15.7836 16.0159 16.2483 16.4605 16.6626 16.8444 16.9556 17.0263 17.097 17.1576 17.2081 17.2587 17.3092 17.3496 17.39 17.4607 17.582 17.7739 18.0568 18.3397 18.6327 18.9055 19.1581 19.3905 19.6229 19.7845 19.9361 20.0674 20.1786 20.2594 20.32 20.3038 20.2877 20.2877 20.2877 20.2776 20.2675 20.2473 20.221 20.2109
16.6727 16.5615 16.4605 16.3494 16.2483 16.1473 16.0058 15.7432 15.44 15.147 14.854 14.5813 14.3388 14.1468 14.0458 13.9852 13.9548 13.9548 14.0458 14.167 14.2883 14.4196 14.5712 14.7328 14.9046 15.0864 15.2784 15.4906 15.6926 15.9048 16.1372 16.3595 16.5716 16.7535 16.8848 16.9657 17.0465 17.1071 17.1677 17.2182 17.2587 17.3092 17.3496 17.4506 17.6022 17.7941 18.0871 18.3902 18.6832 18.9661 19.2389 19.4713 19.6936 19.8653 20.0068 20.128 20.219 20.2897 20.32 20.3099 20.2998 20.2796 20.2594 20.2291 20.2089 20.1725 20.1523 20.1482
16.511 16.3999 16.2887 16.1776 16.0564 15.9452 15.8038 15.5209 15.2279 14.945 14.6722 14.4398 14.2074 14.0256 13.9346 13.8942 13.874 13.8841 13.9649 14.0963 14.2276 14.3691 14.5105 14.6722 14.8439 15.0359 15.2279 15.4299 15.6421 15.8543 16.0665 16.2685 16.4807 16.6727 16.8141 16.8848 16.9556 17.0263 17.0667 17.1172 17.1576 17.198 17.2688 17.39 17.5719 17.7739 18.0669 18.3801 18.6832 18.9762 19.249 19.5016 19.734 19.9058 20.0472 20.1583 20.2493 20.2998 20.2796 20.2493 20.219 20.1786 20.1482 20.1179 20.0876 20.0573 20.0371 20.0169
16.3595 16.2382 16.117 15.9957 15.8745 15.7634 15.632 15.3895 15.1268 14.854 14.6015 14.359 14.1266 13.9447 13.8639 13.8437 13.8235 13.8639 13.9144 14.0458 14.1771 14.3186 14.4802 14.6419 14.8136 14.9955 15.1976 15.4097 15.6219 15.8341 16.0361 16.2382 16.41 16.5615 16.6929 16.7737 16.8343 16.8848 16.9354 16.9758 17.0263 17.0869 17.2182 17.3698 17.5416 17.7436 18.0366 18.3296 18.6226 18.9156 19.1985 19.4612 19.6936 19.8653 19.9967 20.0775 20.128 20.1381 20.1179 20.0876 20.0573 20.027 19.9967 19.9664 19.9361 19.9058 19.8754 19.8552
16.2382 16.117 15.9957 15.8846 15.7836 15.6926 15.5815 15.3491 15.1066 14.8642 14.6116 14.3691 14.1266 13.9447 13.8437 13.8033 13.7932 13.8235 13.8841 14.0256 14.167 14.2984 14.46 14.6318 14.8237 15.0056 15.1976 15.3996 15.6118 15.8341 16.0159 16.1877 16.3595 16.5009 16.612 16.6626 16.7131 16.7636 16.8242 16.8949 16.9758 17.0869 17.2081 17.3496 17.5112 17.6931 17.976 18.269 18.562 18.8449 19.1278 19.3905 19.6027 19.734 19.8249 19.8856 19.9159 19.8957 19.8754 19.8552 19.835 19.8047 19.7744 19.7542 19.734 19.7239 19.7037 19.6835
16.1271 16.0159 15.9149 15.8139 15.7229 15.6421 15.531 15.3289 15.1066 14.8743 14.6419 14.3994 14.167 13.9953 13.8841 13.7932 13.773 13.8033 13.874 14.0054 14.1569 14.3186 14.4802 14.652 14.8338 15.0359 15.238 15.44 15.632 15.8139 15.9856 16.1473 16.2887 16.4403 16.5211 16.5817 16.6424 16.7131 16.7838 16.8545 16.9556 17.0566 17.1778 17.3193 17.4708 17.6426 17.9154 18.1983 18.4812 18.7641 19.0268 19.2591 19.4208 19.542 19.6128 19.6431 19.6431 19.6229 19.6027 19.5825 19.5622 19.542 19.5319 19.5117 19.5016 19.4915 19.4915 19.4915
16.0564 15.9553 15.8543 15.7634 15.6825 15.6017 15.5007 15.3188 15.1167 14.8945 14.6722 14.4499 14.2175 14.066 13.9548 13.8538 13.773 13.8033 13.8841 14.0155 14.1771 14.3489 14.5206 14.7126 14.8945 15.0965 15.2986 15.4805 15.6421 15.7937 15.9452 16.1069 16.2382 16.3797 16.4605 16.5312 16.5817 16.6525 16.7333 16.8141 16.905 17.0061 17.1374 17.2688 17.4001 17.582 17.8447 18.1175 18.3801 18.6327 18.855 19.0773 19.2288 19.3198 19.3602 19.3703 19.3501 19.3299 19.3097 19.2895 19.2692 19.2591 19.249 19.249 19.2389 19.2389 19.2389 19.2389
16.0058 15.9048 15.8139 15.733 15.6522 15.5714 15.4704 15.3087 15.1268 14.9248 14.7126 14.5004 14.2984 14.1367 14.0357 13.9346 13.8538 13.8336 13.9144 14.0458 14.2175 14.3994 14.5813 14.7732 14.9854 15.1673 15.3289 15.5007 15.6421 15.7937 15.9351 16.0766 16.2079 16.319 16.3999 16.4706 16.5312 16.6019 16.6828 16.7535 16.8343 16.9455 17.0566 17.1778 17.3193 17.5011 17.7436 18.0063 18.2387 18.461 18.6731 18.8752 19.0268 19.0672 19.0672 19.0571 19.0369 19.0167 18.9965 18.9762 18.9661 18.956 18.956 18.956 18.9661 18.9661 18.9661 18.9762
15.9654 15.8745 15.7836 15.7027 15.6219 15.5512 15.4502 15.3087 15.147 14.9551 14.7631 14.5611 14.3691 14.2175 14.1165 14.0155 13.9447 13.9144 13.9649 14.0963 14.2782 14.4701 14.6621 14.854 15.0258 15.1976 15.3491 15.5007 15.6421 15.7836 15.9149 16.0361 16.1574 16.2584 16.3393 16.4201 16.4807 16.5413 16.612 16.6828 16.7636 16.8646 16.9657 17.0869 17.2182 17.4001 17.6325 17.8649 18.077 18.2791 18.4711 18.663 18.7742 18.7843 18.7641 18.7338 18.7136 18.6933 18.6731 18.6529 18.6428 18.6428 18.6428 18.6529 18.663 18.6731 18.6832 18.6933
15.9351 15.8442 15.7634 15.6825 15.6017 15.5209 15.44 15.3087 15.1673 14.9955 14.8136 14.6217 14.4398 14.2984 14.1973 14.1165 14.0559 14.0155 14.0458 14.1771 14.359 14.5509 14.7429 14.9147 15.0662 15.2178 15.3794 15.5007 15.6421 15.7735 15.9048 16.0159 16.1069 16.2079 16.2988 16.3595 16.4302 16.4807 16.5413 16.6019 16.6727 16.7636 16.8747 16.9859 17.1071 17.2688 17.491 17.7032 17.9053 18.0871 18.269 18.4307 18.4913 18.461 18.4307 18.4004 18.37 18.3498 18.3296 18.3195 18.3094 18.3094 18.3195 18.3296 18.3397 18.3599 18.3801 18.4004
15.9149 15.824 15.7432 15.6623 15.5916 15.5108 15.44 15.3188 15.1875 15.0359 14.8642 14.6823 14.5105 14.3792 14.2782 14.2074 14.167 14.1367 14.1569 14.2883 14.46 14.652 14.8136 14.9753 15.1268 15.2683 15.3895 15.531 15.6522 15.7735 15.8846 15.9856 16.0766 16.1574 16.2483 16.2988 16.3494 16.3898 16.4403 16.511 16.5817 16.6727 16.7636 16.8646 16.996 17.1374 17.3395 17.5315 17.7133 17.875 18.0366 18.168 18.168 18.1276 18.0871 18.0568 18.0265 18.0063 17.9861 17.976 17.976 17.976 17.9861 17.9962 18.0164 18.0366 18.0669 18.0871
15.8846 15.8038 15.7229 15.6421 15.5714 15.5108 15.44 15.3289 15.2077 15.0662 14.9147 14.7429 14.5813 14.46 14.3691 14.3085 14.2782 14.2579 14.2984 14.4196 14.5813 14.7429 14.9046 15.046 15.1875 15.3087 15.4299 15.5512 15.6623 15.7735 15.8745 15.9553 16.0361 16.1069 16.1978 16.2382 16.2786 16.319 16.3595 16.41 16.4706 16.5514 16.6323 16.7333 16.8545 16.996 17.1778 17.3395 17.5011 17.6527 17.7941 17.8447 17.8245 17.7739 17.7335 17.7032 17.6729 17.6426 17.6325 17.6224 17.6224 17.6325 17.6426 17.6527 17.6729 17.7032 17.7335 17.7638
