data/LOI200_lcprop.asc
ncols         504
nrows         401
xllcorner     347695.93724505
yllcorner     611191.17937377
cellsize      10
NODATA_value  -9999
[rows 84 to 111 of 401, columns 320 to 383 of 504]
0.282418 0.291965 0.302307 0.312649 0.326173 0.340493 0.355609 0.370724 0.385044 0.399364 0.410501 0.420048 0.428799 0.436754 0.443119 0.449483 0.454256 0.459825 0.464598 0.46778 0.471758 0.47494 0.478123 0.481305 0.483691 0.486078 0.486078 0.485282 0.484487 0.483691 0.4821 0.478123 0.473349 0.466985 0.459825 0.452665 0.44471 0.43755 0.43039 0.424025 0.416866 0.409706 0.40175 0.393795 0.385839 0.378679 0.369928 0.360382 0.35004 0.339698 0.327765 0.31424 0.300716 0.287192 0.273667 0.260143 0.246619 0.23389 0.221161 0.208433 0.195704 0.182975 0.170247 0.158313
0.266508 0.275259 0.28401 0.294352 0.304694 0.318218 0.332538 0.346858 0.360382 0.373906 0.386635 0.397772 0.407319 0.415274 0.422434 0.428799 0.434368 0.439141 0.44471 0.449483 0.452665 0.455847 0.459825 0.463007 0.466189 0.46778 0.468576 0.468576 0.468576 0.466985 0.464598 0.461416 0.457438 0.452665 0.445505 0.438345 0.431185 0.424821 0.417661 0.410501 0.403341 0.395386 0.38743 0.378679 0.371519 0.361973 0.352426 0.342084 0.329356 0.315831 0.302307 0.288783 0.275259 0.261734 0.24821 0.234686 0.221161 0.207637 0.194909 0.18218 0.169451 0.156722 0.143994 0.131265
0.249801 0.256961 0.264916 0.274463 0.283214 0.295147 0.308671 0.322196 0.334924 0.347653 0.360382 0.372315 0.382657 0.392204 0.400159 0.406523 0.412888 0.418457 0.42323 0.428799 0.431981 0.435959 0.439936 0.443119 0.446301 0.449483 0.451074 0.450278 0.450278 0.449483 0.447096 0.443914 0.439936 0.435959 0.43039 0.424025 0.416866 0.410501 0.403341 0.395386 0.38743 0.379475 0.371519 0.362768 0.352426 0.342084 0.329356 0.316627 0.303898 0.291169 0.277645 0.264121 0.250597 0.237072 0.223548 0.210024 0.1965 0.182975 0.169451 0.155927 0.143198 0.130469 0.117741 0.105012
0.231504 0.237868 0.245028 0.252983 0.261734 0.272872 0.285601 0.298329 0.311058 0.322991 0.334924 0.346062 0.3572 0.367542 0.376293 0.384248 0.390613 0.396977 0.402546 0.407319 0.411297 0.415274 0.419252 0.42323 0.426412 0.428799 0.431185 0.431185 0.431185 0.43039 0.428003 0.425617 0.422434 0.417661 0.412888 0.406523 0.400159 0.392204 0.385044 0.377884 0.369133 0.360382 0.350835 0.339698 0.32856 0.316627 0.304694 0.292761 0.280032 0.267303 0.254574 0.241846 0.228321 0.214797 0.201273 0.187749 0.174224 0.1607 0.147176 0.133652 0.120127 0.106603 0.0938743 0.0811456
0.214002 0.21957 0.225139 0.232299 0.240255 0.251392 0.263325 0.275259 0.287192 0.298329 0.309467 0.320605 0.330947 0.340493 0.35004 0.358791 0.366746 0.373111 0.379475 0.384248 0.389021 0.393795 0.396977 0.400955 0.404932 0.408115 0.409706 0.409706 0.410501 0.409706 0.408115 0.406523 0.402546 0.398568 0.392999 0.386635 0.379475 0.373111 0.365155 0.3572 0.347653 0.336516 0.325378 0.31424 0.303103 0.291965 0.280827 0.268894 0.256961 0.245028 0.232299 0.21957 0.206842 0.194113 0.180589 0.167064 0.15354 0.140016 0.126492 0.112967 0.0994431 0.0859189 0.0723946 0.0588703
0.195704 0.200477 0.205251 0.211615 0.21957 0.229912 0.24105 0.252188 0.263325 0.274463 0.284805 0.295147 0.304694 0.31424 0.322991 0.331742 0.339698 0.347653 0.354018 0.359586 0.365155 0.369928 0.374702 0.377884 0.381066 0.385044 0.386635 0.38743 0.388226 0.38743 0.385839 0.384248 0.381066 0.376293 0.370724 0.36436 0.356404 0.349244 0.340493 0.330947 0.3214 0.311058 0.29992 0.288783 0.278441 0.268099 0.256961 0.245823 0.234686 0.222753 0.210819 0.198886 0.186158 0.173429 0.1607 0.147971 0.135243 0.122514 0.109785 0.0970565 0.0835322 0.0708035 0.0580748 0.0453461
0.178202 0.18218 0.186158 0.191726 0.198886 0.207637 0.218775 0.229912 0.240255 0.250597 0.260143 0.26969 0.279236 0.287987 0.296738 0.304694 0.312649 0.319809 0.326173 0.332538 0.338902 0.344471 0.349244 0.354018 0.3572 0.360382 0.361973 0.362768 0.362768 0.362768 0.361177 0.359586 0.356404 0.350835 0.344471 0.337311 0.329356 0.3214 0.313445 0.304694 0.295147 0.285601 0.275259 0.264916 0.254574 0.244232 0.23389 0.223548 0.212411 0.201273 0.190135 0.178202 0.166269 0.154336 0.142403 0.130469 0.118536 0.106603 0.0938743 0.0819411 0.070008 0.0580748 0.0461416 0.0342084
0.159905 0.163087 0.167064 0.171838 0.178202 0.186953 0.197295 0.207637 0.217184 0.22673 0.236277 0.245028 0.253779 0.26253 0.270485 0.278441 0.285601 0.291965 0.298329 0.304694 0.310263 0.315831 0.320605 0.324582 0.32856 0.330947 0.332538 0.334129 0.334129 0.333333 0.331742 0.330151 0.326969 0.322196 0.315831 0.308671 0.301512 0.294352 0.286396 0.278441 0.26969 0.260143 0.250597 0.24105 0.231504 0.221957 0.211615 0.201273 0.190931 0.180589 0.169451 0.158313 0.147176 0.136038 0.124901 0.113763 0.102625 0.0906921 0.0795545 0.0684169 0.0572792 0.0461416 0.035004 0.0254574
0.142403 0.144789 0.147971 0.152745 0.158313 0.166269 0.175815 0.185362 0.194909 0.20366 0.212411 0.221161 0.229117 0.237072 0.245028 0.252188 0.258552 0.264916 0.271281 0.27685 0.282418 0.287192 0.291965 0.295943 0.299125 0.301512 0.303898 0.304694 0.304694 0.303898 0.303103 0.300716 0.297534 0.293556 0.287192 0.280827 0.273667 0.267303 0.260143 0.252188 0.244232 0.235481 0.22673 0.217184 0.208433 0.199682 0.190135 0.180589 0.170247 0.159905 0.149562 0.13922 0.128878 0.118536 0.108194 0.097852 0.0867144 0.0763723 0.0660302 0.0556881 0.0453461 0.0357995 0.026253 0.017502
0.124105 0.126492 0.128878 0.132856 0.137629 0.14638 0.155927 0.164678 0.173429 0.18218 0.190135 0.198091 0.206046 0.213206 0.220366 0.22673 0.233095 0.239459 0.245028 0.250597 0.25537 0.260143 0.264121 0.268099 0.270485 0.272872 0.275259 0.276054 0.276054 0.275259 0.274463 0.272076 0.268894 0.264916 0.259348 0.252983 0.246619 0.240255 0.23389 0.22673 0.218775 0.210819 0.202864 0.194909 0.186953 0.178202 0.169451 0.1607 0.151154 0.141607 0.13206 0.122514 0.112967 0.103421 0.0930788 0.0835322 0.0739857 0.0644391 0.0548926 0.0453461 0.0357995 0.0270485 0.0190931 0.0111376
0.107399 0.10899 0.111376 0.113763 0.119332 0.127287 0.136038 0.144789 0.152745 0.1607 0.168656 0.175815 0.182975 0.18934 0.195704 0.202068 0.208433 0.214002 0.21957 0.224344 0.229117 0.233095 0.237072 0.240255 0.242641 0.245028 0.246619 0.24821 0.24821 0.247414 0.245823 0.244232 0.24105 0.236277 0.231504 0.225935 0.220366 0.214797 0.208433 0.202068 0.194909 0.187749 0.179793 0.172633 0.165473 0.157518 0.149562 0.140811 0.13206 0.123309 0.114558 0.105807 0.0970565 0.0883055 0.0787589 0.070008 0.061257 0.052506 0.043755 0.035004 0.0270485 0.0190931 0.0119332 0.00636436
0.0906921 0.0914877 0.0930788 0.0962609 0.101034 0.10899 0.117741 0.125696 0.133652 0.140811 0.147971 0.154336 0.1607 0.167064 0.173429 0.178998 0.184566 0.190135 0.194909 0.199682 0.20366 0.207637 0.210819 0.213206 0.215593 0.217979 0.21957 0.220366 0.220366 0.220366 0.218775 0.216388 0.213206 0.209228 0.204455 0.199682 0.194909 0.18934 0.183771 0.177407 0.171042 0.164678 0.158313 0.151949 0.144789 0.137629 0.130469 0.122514 0.114558 0.106603 0.0986476 0.0906921 0.0827367 0.0739857 0.0660302 0.0580748 0.0501193 0.0421639 0.0342084 0.026253 0.0190931 0.0127287 0.00636436 0.00238663
0.0747812 0.0755768 0.0771679 0.08035 0.0843278 0.0922832 0.100239 0.107399 0.114558 0.120923 0.127287 0.133652 0.140016 0.145585 0.151154 0.156722 0.161496 0.166269 0.171042 0.17502 0.178998 0.18218 0.184566 0.186953 0.18934 0.190931 0.192522 0.193317 0.194113 0.193317 0.191726 0.18934 0.186158 0.18218 0.178202 0.174224 0.170247 0.165473 0.159905 0.154336 0.148767 0.142403 0.136834 0.131265 0.124901 0.118536 0.111376 0.104216 0.0970565 0.0898966 0.0827367 0.0755768 0.0684169 0.0604614 0.0533015 0.0461416 0.0389817 0.0318218 0.0246619 0.0182975 0.0119332 0.00636436 0.00238663 0
0.0596659 0.0596659 0.061257 0.0636436 0.0684169 0.0755768 0.0827367 0.0898966 0.0962609 0.102625 0.10899 0.114558 0.120127 0.125696 0.130469 0.135243 0.140016 0.143994 0.147971 0.151949 0.155131 0.157518 0.159905 0.162291 0.163882 0.165473 0.166269 0.167064 0.16786 0.167064 0.165473 0.163087 0.159905 0.156722 0.152745 0.149562 0.145585 0.141607 0.136834 0.13206 0.126492 0.121718 0.116945 0.111376 0.105807 0.100239 0.0938743 0.0875099 0.0811456 0.0747812 0.0684169 0.0620525 0.0548926 0.0485282 0.0421639 0.0357995 0.0294352 0.0230708 0.0167064 0.0111376 0.00636436 0.00238663 0 0
0.0469372 0.0461416 0.0469372 0.0485282 0.0548926 0.061257 0.0676213 0.0739857 0.0795545 0.0851233 0.0906921 0.0962609 0.101034 0.105807 0.110581 0.114558 0.118536 0.122514 0.125696 0.128878 0.131265 0.133652 0.136038 0.137629 0.13922 0.140016 0.140811 0.141607 0.141607 0.141607 0.140016 0.137629 0.134447 0.131265 0.128878 0.125696 0.122514 0.118536 0.114558 0.110581 0.105807 0.10183 0.0970565 0.0922832 0.0875099 0.0819411 0.0763723 0.0708035 0.0652347 0.0596659 0.0540971 0.0485282 0.0421639 0.0365951 0.0310263 0.0254574 0.0198886 0.0143198 0.00954654 0.00556881 0.00159109 0 0 0
0.0342084 0.0334129 0.0334129 0.0357995 0.0413683 0.0477327 0.0533015 0.0588703 0.0644391 0.0692124 0.0739857 0.0787589 0.0835322 0.0875099 0.0914877 0.0954654 0.0986476 0.10183 0.104216 0.106603 0.10899 0.111376 0.112967 0.114558 0.115354 0.11615 0.116945 0.116945 0.116945 0.11615 0.115354 0.112967 0.110581 0.107399 0.105012 0.102625 0.0994431 0.0962609 0.0930788 0.089101 0.0859189 0.0827367 0.0787589 0.0747812 0.070008 0.0652347 0.0604614 0.0556881 0.0509149 0.0461416 0.0413683 0.0357995 0.0310263 0.026253 0.0214797 0.0167064 0.0119332 0.00795545 0.00397772 0.000795545 0 0 0 0
0.0222753 0.0222753 0.0214797 0.0254574 0.0302307 0.035004 0.0405728 0.0453461 0.0501193 0.0548926 0.0588703 0.0628481 0.0668258 0.0708035 0.0739857 0.0771679 0.0795545 0.0819411 0.0843278 0.0867144 0.0883055 0.0898966 0.0914877 0.0922832 0.0930788 0.0938743 0.0938743 0.0938743 0.0930788 0.0922832 0.0906921 0.089101 0.0867144 0.0851233 0.0827367 0.08035 0.0779634 0.0755768 0.0723946 0.070008 0.0676213 0.0644391 0.061257 0.0580748 0.0540971 0.0501193 0.0461416 0.0421639 0.0381862 0.0342084 0.0294352 0.0254574 0.0214797 0.017502 0.0135243 0.00954654 0.00556881 0.00238663 0 0 0 0 0 0
0.0119332 0.0111376 0.0127287 0.0167064 0.0206842 0.0246619 0.0286396 0.0334129 0.0373906 0.0413683 0.0453461 0.0485282 0.0517104 0.0548926 0.0572792 0.0596659 0.0620525 0.0644391 0.0660302 0.0676213 0.0692124 0.070008 0.0708035 0.071599 0.0723946 0.0723946 0.0723946 0.071599 0.0708035 0.0692124 0.0676213 0.0660302 0.0652347 0.0636436 0.0620525 0.0604614 0.0580748 0.0556881 0.0540971 0.052506 0.0501193 0.0477327 0.0453461 0.0421639 0.0389817 0.0357995 0.0326173 0.0294352 0.026253 0.0230708 0.0190931 0.0159109 0.0127287 0.00954654 0.00636436 0.00318218 0.000795545 0 0 0 0 0 0 0
0.00556881 0.00238663 0.00477327 0.00875099 0.0119332 0.0151154 0.0182975 0.0222753 0.0254574 0.0286396 0.0318218 0.035004 0.0373906 0.0397772 0.0421639 0.0445505 0.0461416 0.0477327 0.0493238 0.0501193 0.0509149 0.0517104 0.052506 0.052506 0.052506 0.052506 0.0517104 0.0509149 0.0493238 0.0477327 0.0461416 0.0453461 0.0445505 0.043755 0.0429594 0.0413683 0.0397772 0.0389817 0.0373906 0.0357995 0.0342084 0.0326173 0.0302307 0.0278441 0.0254574 0.0230708 0.0206842 0.0182975 0.0159109 0.0127287 0.0103421 0.00795545 0.00556881 0.00318218 0.000795545 0 0 0 0 0 0 0 0 0
0.00238663 0 0.000795545 0.00238663 0.00556881 0.00795545 0.0103421 0.0127287 0.0151154 0.0182975 0.0206842 0.0230708 0.0254574 0.0278441 0.0294352 0.0310263 0.0326173 0.0334129 0.0342084 0.035004 0.0357995 0.0357995 0.0357995 0.0357995 0.035004 0.0342084 0.0334129 0.0318218 0.0302307 0.0286396 0.0278441 0.0270485 0.026253 0.0254574 0.0246619 0.0246619 0.0246619 0.0238663 0.0230708 0.0222753 0.0206842 0.0190931 0.017502 0.0159109 0.0143198 0.0127287 0.0111376 0.00954654 0.0071599 0.00556881 0.00397772 0.00238663 0.000795545 0 0 0 0 0 0 0 0 0 0 0
0.000795545 0 0 0 0.000795545 0.00238663 0.00477327 0.00636436 0.00795545 0.00954654 0.0119332 0.0135243 0.0151154 0.0167064 0.0182975 0.0198886 0.0206842 0.0214797 0.0222753 0.0222753 0.0222753 0.0222753 0.0214797 0.0206842 0.0198886 0.0182975 0.0167064 0.0151154 0.0143198 0.0135243 0.0127287 0.0119332 0.0111376 0.0111376 0.0111376 0.0111376 0.0111376 0.0111376 0.0111376 0.0103421 0.00954654 0.00875099 0.00795545 0.0071599 0.00636436 0.00556881 0.00397772 0.00318218 0.00238663 0.00159109 0.000795545 0 0 0 0 0 0 0 0 0 0 0 0 0
0 0 0 0 0 0 0.000795545 0.00238663 0.00397772 0.00477327 0.00556881 0.00636436 0.00795545 0.00875099 0.00954654 0.0103421 0.0111376 0.0119332 0.0119332 0.0119332 0.0111376 0.0103421 0.00954654 0.00795545 0.00636436 0.00477327 0.00397772 0.00318218 0.00238663 0.00159109 0.000795545 0.000795545 0.000795545 0.000795545 0.000795545 0.000795545 0.000795545 0.000795545 0.000795545 0.000795545 0.000795545 0.000795545 0.000795545 0.000795545 0.000795545 0 0 0 0 0 0 0 0 0 0 0 0 0 0 0 0 0 0 0
0 0 0 0 0 0 0 0 0.000795545 0.00159109 0.00238663 0.00238663 0.00238663 0.00318218 0.00318218 0.00318218 0.00318218 0.00318218 0.00318218 0.00318218 0.00318218 0.00238663 0.00159109 0.000795545 0 0 0 0 0 0 0 0 0 0 0 0 0 0 0 0 0 0 0 0 0 0 0 0 0 0 0 0 0 0 0 0 0 0 0 0 0 0 0 0
0 0 0 0 0 0 0 0 0 0 0 0 0 0 0.000795545 0.000795545 0.000795545 0 0 0 0 0 0 0 0 0 0 0 0 0 0 0 0 0 0 0 0 0 0 0 0 0 0 0 0 0 0 0 0 0 0 0 0 0 0 0 0 0 0 0 0 0 0 0
0 0 0 0 0 0 0 0 0 0 0 0 0 0 0 0 0 0 0 0 0 0 0 0 0 0 0 0 0 0 0 0 0 0 0 0 0 0 0 0 0 0 0 0 0 0 0 0 0 0 0 0 0 0 0 0 0 0 0 0 0 0 0 0
0 0 0 0 0 0 0 0 0 0 0 0 0 0 0 0 0 0 0 0 0 0 0 0 0 0 0 0 0 0 0 0 0 0 0 0 0 0 0 0 0 0 0 0 0 0 0 0 0 0 0 0 0 0 0 0 0 0 0 0 0 0 0 0
0 0 0 0 0 0 0 0 0 0 0 0 0 0 0 0 0 0 0 0 0 0 0 0 0 0 0 0 0 0 0 0 0 0 0 0 0 0 0 0 0 0 0 0 0 0 0 0 0 0 0 0 0 0 0 0 0 0 0 0 0 0 0 0
0 0 0 0 0 0 0 0 0 0 0 0 0 0 0 0 0 0 0 0 0 0 0 0 0 0 0 0 0 0 0 0 0 0 0 0 0 0 0 0 0 0 0 0 0 0 0 0 0 0 0 0 0 0 0 0 0 0 0 0 0 0 0 0
