data/LOI200_lcprop.asc
ncols         504
nrows         401
xllcorner     347695.93724505
yllcorner     611191.17937377
cellsize      10
NODATA_value  -9999
[rows 252 to 279 of 401, columns 64 to 127 of 504]
0.668258 0.669849 0.670644 0.670644 0.670644 0.67144 0.672235 0.672235 0.672235 0.672235 0.669053 0.656325 0.641209 0.634845 0.629276 0.626094 0.624503 0.624503 0.624503 0.624503 0.624503 0.624503 0.624503 0.624503 0.624503 0.624503 0.625298 0.626094 0.626889 0.629276 0.631663 0.634049 0.638027 0.642005 0.647574 0.653142 0.659507 0.665871 0.673031 0.681782 0.690533 0.699284 0.708831 0.718377 0.728719 0.739857 0.752586 0.765314 0.778839 0.793954 0.815434 0.835322 0.843278 0.849642 0.856802 0.863962 0.869531 0.873508 0.875895 0.873508 0.869531 0.864757 0.856802 0.845664
0.665076 0.666667 0.667462 0.668258 0.668258 0.669053 0.669849 0.669849 0.670644 0.670644 0.667462 0.654733 0.640414 0.633254 0.628481 0.625298 0.624503 0.625298 0.626094 0.626094 0.626889 0.626889 0.626889 0.626889 0.627685 0.629276 0.630072 0.630867 0.631663 0.633254 0.636436 0.640414 0.644391 0.648369 0.653938 0.660302 0.666667 0.673827 0.680986 0.689737 0.698488 0.708831 0.718377 0.727924 0.738266 0.749403 0.762132 0.775656 0.789976 0.807478 0.829753 0.850438 0.859189 0.867144 0.874304 0.879077 0.884646 0.888624 0.888624 0.885442 0.880668 0.874304 0.865553 0.852824
0.658711 0.660302 0.662689 0.66428 0.66428 0.665076 0.665871 0.666667 0.667462 0.667462 0.662689 0.651551 0.637232 0.630072 0.626094 0.623707 0.623707 0.623707 0.624503 0.625298 0.626094 0.626889 0.626889 0.627685 0.629276 0.630867 0.631663 0.632458 0.634049 0.636436 0.639618 0.643596 0.647574 0.652347 0.65712 0.66428 0.67144 0.6786 0.686555 0.695306 0.704853 0.715195 0.725537 0.735879 0.746221 0.757359 0.769292 0.782816 0.798727 0.818616 0.842482 0.861575 0.870326 0.875099 0.880668 0.886237 0.889419 0.893397 0.896579 0.894193 0.887828 0.878282 0.869531 0.856006
0.651551 0.653938 0.656325 0.657916 0.658711 0.659507 0.661098 0.661893 0.662689 0.662689 0.657916 0.646778 0.632458 0.626094 0.622116 0.620525 0.61973 0.61973 0.621321 0.622912 0.623707 0.624503 0.625298 0.626889 0.628481 0.630072 0.631663 0.633254 0.63564 0.638027 0.641209 0.645187 0.649165 0.653938 0.660302 0.666667 0.673827 0.681782 0.690533 0.699284 0.709626 0.719968 0.73031 0.741448 0.752586 0.763723 0.774861 0.788385 0.805091 0.827367 0.848846 0.864757 0.871122 0.876691 0.882259 0.885442 0.890215 0.894193 0.897375 0.894988 0.890215 0.882259 0.869531 0.856006
0.641209 0.643596 0.645982 0.649165 0.651551 0.652347 0.653938 0.654733 0.656325 0.656325 0.651551 0.639618 0.626094 0.620525 0.616547 0.615752 0.614956 0.614956 0.615752 0.617343 0.618138 0.61973 0.622116 0.623707 0.625298 0.626889 0.629276 0.631663 0.634049 0.637232 0.640414 0.643596 0.648369 0.653938 0.660302 0.666667 0.673827 0.682578 0.692124 0.701671 0.712013 0.722355 0.733492 0.74463 0.756563 0.767701 0.778839 0.791567 0.805887 0.826571 0.84646 0.861575 0.867144 0.871917 0.876691 0.880668 0.884646 0.887828 0.89101 0.89101 0.887033 0.879077 0.867144 0.852824
0.628481 0.633254 0.636436 0.639618 0.641209 0.6428 0.644391 0.646778 0.648369 0.648369 0.6428 0.630867 0.618138 0.613365 0.609387 0.607796 0.607001 0.607001 0.607796 0.609387 0.611774 0.613365 0.615752 0.617343 0.618934 0.621321 0.624503 0.627685 0.630867 0.634049 0.637232 0.641209 0.645982 0.652347 0.658711 0.665871 0.673031 0.681782 0.691329 0.702466 0.712808 0.72315 0.734288 0.745426 0.757359 0.768496 0.778839 0.789181 0.802705 0.820207 0.838504 0.854415 0.859984 0.863962 0.86794 0.871122 0.875099 0.878282 0.880668 0.881464 0.876691 0.868735 0.859189 0.844073
0.61257 0.618934 0.623707 0.626889 0.630072 0.632458 0.634049 0.63564 0.637232 0.638027 0.631663 0.620525 0.607796 0.603819 0.600636 0.59825 0.597454 0.597454 0.59825 0.599841 0.601432 0.603819 0.606205 0.609387 0.611774 0.614161 0.617343 0.621321 0.624503 0.627685 0.631663 0.636436 0.642005 0.647574 0.654733 0.661893 0.670644 0.679395 0.688942 0.699284 0.710422 0.721559 0.732697 0.743835 0.754177 0.762928 0.772474 0.783612 0.794749 0.81066 0.828958 0.844073 0.848846 0.852824 0.856802 0.86078 0.863166 0.865553 0.867144 0.866348 0.862371 0.852824 0.842482 0.828958
0.59109 0.599045 0.606205 0.613365 0.616547 0.61973 0.622116 0.622912 0.624503 0.624503 0.617343 0.607796 0.595863 0.591885 0.588703 0.587112 0.587112 0.587112 0.587112 0.587908 0.589499 0.591885 0.595068 0.59825 0.600636 0.604614 0.608592 0.61257 0.616547 0.620525 0.624503 0.630072 0.63564 0.642005 0.648369 0.656325 0.665076 0.674622 0.684964 0.695306 0.705648 0.71599 0.727924 0.73747 0.746221 0.754972 0.764519 0.77327 0.782816 0.798727 0.816229 0.831344 0.836118 0.8393 0.842482 0.845664 0.847255 0.847255 0.847255 0.84646 0.842482 0.83214 0.820207 0.805887
0.560859 0.568815 0.57677 0.584726 0.591885 0.59825 0.602228 0.604614 0.60541 0.606205 0.599841 0.59109 0.581543 0.579157 0.575975 0.574383 0.574383 0.573588 0.573588 0.574383 0.57677 0.579157 0.581543 0.584726 0.587908 0.591885 0.595863 0.600636 0.60541 0.609387 0.614956 0.620525 0.626094 0.632458 0.640414 0.648369 0.65712 0.666667 0.677009 0.687351 0.697693 0.708831 0.717582 0.725537 0.734288 0.743039 0.75179 0.759745 0.767701 0.782816 0.798727 0.813047 0.817025 0.819411 0.822593 0.823389 0.824185 0.822593 0.820207 0.81782 0.813842 0.805887 0.794749 0.781225
0.529833 0.537788 0.545744 0.553699 0.560859 0.568019 0.575179 0.580748 0.58393 0.584726 0.579157 0.571997 0.56245 0.560859 0.559268 0.558473 0.559268 0.559268 0.559268 0.560064 0.561655 0.564041 0.566428 0.56961 0.572792 0.57677 0.581543 0.586317 0.591885 0.596659 0.602228 0.607796 0.614161 0.621321 0.629276 0.638027 0.647574 0.65712 0.666667 0.676213 0.687351 0.696102 0.704057 0.712013 0.719173 0.727128 0.733492 0.740652 0.747812 0.762132 0.777247 0.789181 0.792363 0.793954 0.794749 0.794749 0.793954 0.792363 0.789976 0.787589 0.784407 0.778839 0.769292 0.756563
0.498807 0.506762 0.514718 0.522673 0.529833 0.536993 0.544153 0.550517 0.556881 0.560859 0.55529 0.549722 0.542562 0.541766 0.539379 0.539379 0.540175 0.540971 0.541766 0.544153 0.546539 0.54813 0.549722 0.552904 0.556086 0.560064 0.564837 0.56961 0.575179 0.580748 0.586317 0.592681 0.599841 0.607796 0.615752 0.625298 0.634845 0.644391 0.653938 0.663484 0.67144 0.679395 0.68576 0.692124 0.698488 0.704853 0.711217 0.716786 0.72315 0.736675 0.749403 0.759745 0.762132 0.763723 0.763723 0.763723 0.762928 0.762132 0.759745 0.757359 0.754177 0.749403 0.742243 0.73031
0.468576 0.476531 0.484487 0.491647 0.498807 0.505967 0.513126 0.519491 0.525855 0.530628 0.529037 0.52506 0.518695 0.518695 0.5179 0.518695 0.519491 0.520286 0.521082 0.523469 0.526651 0.529833 0.53222 0.535402 0.538584 0.542562 0.546539 0.551313 0.556086 0.561655 0.567224 0.573588 0.579952 0.587908 0.596659 0.604614 0.613365 0.621321 0.630072 0.638823 0.645982 0.653142 0.659507 0.665076 0.67144 0.677009 0.682578 0.688146 0.695306 0.708035 0.719173 0.728719 0.731106 0.732697 0.732697 0.732697 0.731901 0.731106 0.728719 0.726333 0.72315 0.719173 0.712808 0.704057
0.438345 0.446301 0.454256 0.461416 0.468576 0.475736 0.4821 0.488465 0.494829 0.499602 0.498807 0.495625 0.492442 0.494033 0.493238 0.494829 0.497216 0.498011 0.499602 0.502784 0.505967 0.508353 0.511535 0.515513 0.519491 0.522673 0.525855 0.530628 0.536197 0.540971 0.545744 0.552108 0.558473 0.565632 0.572792 0.579952 0.587112 0.595068 0.603819 0.611774 0.618934 0.625298 0.630867 0.636436 0.6428 0.648369 0.653142 0.658711 0.666667 0.6786 0.688942 0.697693 0.70008 0.701671 0.701671 0.701671 0.700875 0.70008 0.697693 0.695306 0.691329 0.687351 0.682578 0.675418
0.40891 0.416866 0.424025 0.431185 0.438345 0.445505 0.45187 0.458234 0.463803 0.468576 0.468576 0.466189 0.463007 0.464598 0.465394 0.46778 0.470167 0.472554 0.47494 0.478918 0.4821 0.485282 0.488465 0.492442 0.495625 0.498807 0.502784 0.506762 0.512331 0.5179 0.521877 0.526651 0.53222 0.539379 0.545744 0.552904 0.560064 0.568815 0.57677 0.58393 0.590294 0.596659 0.602228 0.607796 0.613365 0.618934 0.623707 0.630072 0.638027 0.649165 0.658711 0.666667 0.669053 0.670644 0.670644 0.670644 0.669849 0.669053 0.666667 0.663484 0.660302 0.656325 0.651551 0.645982
0.378679 0.386635 0.393795 0.400955 0.408115 0.414479 0.420843 0.427208 0.432776 0.438345 0.438345 0.436754 0.433572 0.435163 0.435959 0.438345 0.441527 0.443914 0.446301 0.450278 0.454256 0.457438 0.459825 0.464598 0.46778 0.470963 0.47494 0.478918 0.483691 0.487669 0.491647 0.497216 0.50358 0.509944 0.517104 0.524264 0.531424 0.540175 0.547335 0.554495 0.560859 0.566428 0.571997 0.577566 0.583134 0.588703 0.593477 0.600636 0.608592 0.61973 0.628481 0.63564 0.638027 0.639618 0.639618 0.639618 0.638823 0.637232 0.634845 0.632458 0.629276 0.625298 0.620525 0.614956
0.35004 0.3572 0.36436 0.371519 0.378679 0.385044 0.391408 0.396977 0.402546 0.408115 0.40891 0.407319 0.404137 0.404932 0.406523 0.40891 0.412092 0.414479 0.416866 0.420843 0.424821 0.428003 0.431185 0.435163 0.438345 0.441527 0.445505 0.449483 0.454256 0.458234 0.462212 0.46778 0.47494 0.481305 0.488465 0.495625 0.50358 0.511535 0.518695 0.52506 0.531424 0.536993 0.542562 0.54813 0.553699 0.559268 0.564837 0.571997 0.579952 0.590294 0.59825 0.604614 0.606205 0.607796 0.608592 0.607796 0.607001 0.606205 0.603819 0.601432 0.59825 0.594272 0.589499 0.58393
0.3214 0.32856 0.33572 0.34288 0.349244 0.355609 0.361973 0.367542 0.373111 0.377884 0.379475 0.378679 0.376293 0.375497 0.376293 0.378679 0.381862 0.384248 0.38743 0.391408 0.395386 0.398568 0.40175 0.405728 0.40891 0.412092 0.41607 0.420048 0.424821 0.428799 0.432776 0.438345 0.445505 0.452665 0.459825 0.466985 0.47494 0.4821 0.48926 0.495625 0.501989 0.507558 0.513126 0.518695 0.524264 0.529833 0.536197 0.543357 0.551313 0.560859 0.568019 0.573588 0.575179 0.575975 0.575975 0.575975 0.575179 0.574383 0.572792 0.570406 0.567224 0.563246 0.558473 0.552904
0.292761 0.29992 0.30708 0.31424 0.320605 0.326969 0.332538 0.338107 0.343675 0.348449 0.35004 0.35004 0.348449 0.347653 0.347653 0.35004 0.352426 0.354813 0.3572 0.361177 0.365155 0.368337 0.372315 0.376293 0.379475 0.382657 0.386635 0.390613 0.395386 0.399364 0.403341 0.40891 0.41607 0.42323 0.43039 0.438345 0.445505 0.452665 0.459825 0.466189 0.472554 0.478123 0.483691 0.48926 0.494829 0.501193 0.507558 0.514718 0.522673 0.530628 0.536993 0.541766 0.543357 0.544948 0.544948 0.544948 0.544153 0.543357 0.540971 0.538584 0.535402 0.531424 0.527446 0.521877
0.264916 0.272076 0.279236 0.285601 0.291965 0.298329 0.303898 0.309467 0.31424 0.319014 0.3214 0.322196 0.320605 0.319809 0.319809 0.3214 0.323787 0.326173 0.32856 0.332538 0.33572 0.338902 0.342084 0.346062 0.349244 0.352426 0.356404 0.361177 0.365951 0.369928 0.373906 0.379475 0.386635 0.393795 0.400955 0.40891 0.41607 0.42323 0.43039 0.436754 0.443119 0.448687 0.454256 0.459825 0.466189 0.471758 0.478123 0.485282 0.493238 0.501193 0.506762 0.51074 0.512331 0.513922 0.513922 0.513922 0.513126 0.512331 0.509944 0.507558 0.504375 0.500398 0.495625 0.490851
0.237868 0.245028 0.251392 0.257757 0.264121 0.26969 0.275259 0.280827 0.285601 0.289578 0.292761 0.294352 0.293556 0.292761 0.292761 0.293556 0.295147 0.297534 0.29992 0.303898 0.30708 0.310263 0.313445 0.316627 0.319809 0.322991 0.326969 0.330947 0.33572 0.340493 0.344471 0.35004 0.3572 0.36436 0.371519 0.379475 0.386635 0.393795 0.400955 0.407319 0.413683 0.419252 0.424821 0.43039 0.436754 0.443119 0.449483 0.456643 0.464598 0.471758 0.476531 0.479714 0.481305 0.482896 0.482896 0.482896 0.4821 0.481305 0.478918 0.476531 0.473349 0.470167 0.465394 0.460621
0.211615 0.217979 0.224344 0.230708 0.236277 0.241846 0.247414 0.252188 0.256961 0.260939 0.264916 0.266508 0.266508 0.265712 0.265712 0.266508 0.268099 0.26969 0.272076 0.275259 0.278441 0.281623 0.284805 0.287987 0.291169 0.294352 0.298329 0.302307 0.306285 0.310263 0.315036 0.320605 0.327765 0.334924 0.342084 0.35004 0.3572 0.36436 0.371519 0.377884 0.383453 0.389021 0.395386 0.40175 0.408115 0.414479 0.420843 0.428003 0.435959 0.442323 0.446301 0.448687 0.450278 0.45187 0.45187 0.45187 0.451074 0.450278 0.447892 0.445505 0.443119 0.439936 0.435163 0.43039
0.186158 0.192522 0.198886 0.204455 0.210024 0.215593 0.220366 0.225139 0.229117 0.233095 0.237072 0.239459 0.240255 0.239459 0.238663 0.239459 0.24105 0.242641 0.245028 0.247414 0.250597 0.253779 0.256165 0.259348 0.26253 0.265712 0.26969 0.273667 0.277645 0.281623 0.285601 0.291965 0.299125 0.306285 0.313445 0.3214 0.32856 0.33572 0.342084 0.348449 0.355609 0.361177 0.367542 0.373906 0.38027 0.386635 0.392999 0.400159 0.407319 0.412888 0.41607 0.417661 0.419252 0.420843 0.420843 0.420843 0.420048 0.419252 0.417661 0.415274 0.412888 0.409706 0.405728 0.400955
0.161496 0.16786 0.173429 0.178998 0.184566 0.18934 0.194113 0.198091 0.202068 0.206046 0.209228 0.212411 0.214002 0.214002 0.213206 0.213206 0.214797 0.216388 0.217979 0.220366 0.223548 0.225935 0.228321 0.231504 0.234686 0.237868 0.241846 0.245028 0.249006 0.252983 0.256961 0.26253 0.270485 0.277645 0.284805 0.292761 0.299125 0.306285 0.31424 0.320605 0.327765 0.333333 0.339698 0.346062 0.352426 0.358791 0.365155 0.372315 0.378679 0.383453 0.385839 0.38743 0.389021 0.389817 0.389817 0.389817 0.389817 0.389021 0.38743 0.385044 0.382657 0.38027 0.376293 0.371519
0.138425 0.143994 0.149562 0.155131 0.159905 0.164678 0.168656 0.172633 0.176611 0.179793 0.182975 0.186158 0.188544 0.188544 0.187749 0.187749 0.18934 0.190931 0.192522 0.194113 0.197295 0.198886 0.201273 0.20366 0.206842 0.210024 0.214002 0.217184 0.221161 0.225139 0.229117 0.234686 0.241846 0.249006 0.256961 0.264121 0.272076 0.279236 0.287192 0.293556 0.300716 0.306285 0.312649 0.319014 0.325378 0.331742 0.338107 0.344471 0.35004 0.354018 0.355609 0.3572 0.358791 0.359586 0.360382 0.360382 0.360382 0.358791 0.3572 0.355609 0.353222 0.350835 0.346858 0.34288
0.11615 0.121718 0.126492 0.131265 0.136038 0.140016 0.143994 0.147971 0.151154 0.154336 0.157518 0.1607 0.163087 0.163882 0.163882 0.163882 0.164678 0.165473 0.167064 0.168656 0.171838 0.173429 0.175815 0.177407 0.180589 0.183771 0.186953 0.190135 0.194113 0.197295 0.202068 0.207637 0.214797 0.221957 0.229117 0.237072 0.245028 0.252188 0.260143 0.266508 0.273667 0.279236 0.285601 0.291965 0.298329 0.304694 0.311058 0.316627 0.3214 0.324582 0.326969 0.32856 0.329356 0.330151 0.330947 0.330947 0.330947 0.330151 0.32856 0.326969 0.324582 0.3214 0.318218 0.31424
0.0954654 0.100239 0.105012 0.10899 0.112967 0.116945 0.120923 0.124105 0.127287 0.130469 0.133652 0.136038 0.138425 0.140016 0.140811 0.140811 0.140811 0.141607 0.143198 0.144789 0.14638 0.147971 0.150358 0.151949 0.155131 0.158313 0.161496 0.164678 0.16786 0.171042 0.175815 0.181384 0.188544 0.195704 0.202864 0.210819 0.218775 0.225935 0.23389 0.240255 0.247414 0.252983 0.259348 0.265712 0.272076 0.278441 0.284805 0.289578 0.293556 0.295943 0.298329 0.29992 0.300716 0.301512 0.302307 0.303103 0.302307 0.301512 0.29992 0.298329 0.296738 0.293556 0.290374 0.286396
0.0755768 0.0795545 0.0835322 0.0875099 0.0914877 0.0946698 0.097852 0.101034 0.104216 0.107399 0.109785 0.112172 0.114558 0.116945 0.118536 0.118536 0.118536 0.118536 0.120127 0.120923 0.122514 0.124105 0.126492 0.128083 0.130469 0.132856 0.136038 0.13922 0.142403 0.145585 0.149562 0.155131 0.162291 0.169451 0.176611 0.184566 0.192522 0.199682 0.207637 0.214002 0.221161 0.22673 0.233095 0.239459 0.246619 0.252983 0.258552 0.26253 0.265712 0.268099 0.270485 0.272076 0.272872 0.273667 0.274463 0.275259 0.274463 0.273667 0.272872 0.271281 0.268894 0.265712 0.26253 0.259348
0.0564837 0.0604614 0.0644391 0.0676213 0.0708035 0.0739857 0.0771679 0.08035 0.0827367 0.0851233 0.0875099 0.0898966 0.0922832 0.0946698 0.0962609 0.0970565 0.0970565 0.0970565 0.097852 0.0986476 0.100239 0.101034 0.103421 0.105012 0.106603 0.10899 0.112172 0.115354 0.118536 0.120923 0.124901 0.129674 0.136834 0.143994 0.151154 0.159109 0.167064 0.174224 0.18218 0.188544 0.195704 0.202068 0.208433 0.214797 0.221957 0.227526 0.232299 0.236277 0.238663 0.24105 0.243437 0.245028 0.245823 0.246619 0.247414 0.247414 0.247414 0.246619 0.245823 0.244232 0.241846 0.239459 0.236277 0.233095
