data/LOI200_lcprop.asc
ncols         504
nrows         401
xllcorner     347695.93724505
yllcorner     611191.17937377
cellsize      10
NODATA_value  -9999
[rows 252 to 279 of 401, columns 320 to 383 of 504]
0.354813 0.355609 0.356404 0.356404 0.3572 0.356404 0.355609 0.354813 0.353222 0.35004 0.346858 0.342084 0.338107 0.332538 0.327765 0.323787 0.318218 0.312649 0.30708 0.300716 0.295147 0.291169 0.287192 0.28401 0.280032 0.277645 0.275259 0.273667 0.272076 0.270485 0.270485 0.270485 0.270485 0.268099 0.264916 0.261734 0.259348 0.256165 0.252983 0.249801 0.245028 0.240255 0.234686 0.227526 0.21957 0.208433 0.1965 0.183771 0.171838 0.161496 0.15354 0.147176 0.143198 0.140016 0.137629 0.137629 0.138425 0.142403 0.147176 0.15354 0.159905 0.168656 0.177407 0.186953
0.338107 0.338107 0.338107 0.338107 0.337311 0.337311 0.337311 0.337311 0.33572 0.334129 0.331742 0.327765 0.323787 0.319014 0.31424 0.310263 0.306285 0.301512 0.295943 0.290374 0.285601 0.281623 0.277645 0.273667 0.270485 0.268099 0.265712 0.264121 0.261734 0.260143 0.259348 0.258552 0.256165 0.252188 0.24821 0.244232 0.24105 0.237868 0.234686 0.231504 0.228321 0.225139 0.21957 0.213206 0.204455 0.195704 0.182975 0.171042 0.159109 0.148767 0.140016 0.132856 0.128083 0.123309 0.120923 0.120923 0.122514 0.125696 0.129674 0.136038 0.143198 0.151154 0.159109 0.16786
0.324582 0.322991 0.322196 0.3214 0.320605 0.319014 0.317422 0.318218 0.317422 0.316627 0.315036 0.311854 0.308671 0.304694 0.300716 0.296738 0.292761 0.288783 0.284805 0.279236 0.275259 0.271281 0.267303 0.264121 0.260939 0.257757 0.256165 0.253779 0.250597 0.249006 0.247414 0.244232 0.239459 0.234686 0.229912 0.225935 0.221957 0.217979 0.214002 0.210024 0.206046 0.201273 0.1965 0.190931 0.182975 0.17502 0.166269 0.155927 0.143994 0.132856 0.124105 0.117741 0.112172 0.107399 0.105807 0.104216 0.105807 0.10899 0.112967 0.118536 0.124901 0.13206 0.13922 0.147971
0.311058 0.310263 0.308671 0.306285 0.304694 0.303103 0.301512 0.298329 0.296738 0.296738 0.295943 0.295147 0.292761 0.289578 0.285601 0.282418 0.278441 0.274463 0.271281 0.266508 0.26253 0.260143 0.256961 0.253779 0.249801 0.247414 0.245028 0.242641 0.240255 0.237072 0.233095 0.227526 0.221957 0.216388 0.211615 0.207637 0.202864 0.198091 0.193317 0.187749 0.18218 0.175815 0.169451 0.163087 0.156722 0.149562 0.142403 0.136038 0.127287 0.118536 0.108194 0.101034 0.0954654 0.0914877 0.089101 0.0883055 0.0898966 0.0914877 0.0946698 0.0994431 0.105012 0.112172 0.119332 0.127287
0.297534 0.297534 0.296738 0.293556 0.290374 0.287987 0.285601 0.283214 0.280032 0.27685 0.275259 0.275259 0.273667 0.272076 0.270485 0.266508 0.263325 0.260143 0.256165 0.252188 0.249801 0.24821 0.245823 0.242641 0.239459 0.236277 0.233095 0.230708 0.22673 0.221957 0.215593 0.209228 0.20366 0.198091 0.193317 0.187749 0.18218 0.175815 0.169451 0.163087 0.155927 0.148767 0.142403 0.136038 0.129674 0.123309 0.116945 0.110581 0.104216 0.097852 0.0914877 0.0843278 0.0779634 0.0739857 0.0708035 0.0708035 0.071599 0.0731901 0.0771679 0.0811456 0.0867144 0.0922832 0.0986476 0.105807
0.284805 0.285601 0.28401 0.282418 0.278441 0.275259 0.271281 0.268099 0.264916 0.260143 0.256961 0.253779 0.252983 0.252188 0.251392 0.249006 0.246619 0.244232 0.24105 0.238663 0.236277 0.23389 0.233095 0.230708 0.228321 0.224344 0.220366 0.215593 0.210024 0.20366 0.197295 0.190931 0.184566 0.178998 0.172633 0.165473 0.158313 0.151154 0.143994 0.136834 0.129674 0.123309 0.116945 0.110581 0.104216 0.097852 0.0922832 0.0859189 0.08035 0.0747812 0.070008 0.0644391 0.0588703 0.0540971 0.052506 0.0517104 0.052506 0.0548926 0.0572792 0.061257 0.0660302 0.071599 0.0779634 0.0843278
0.272076 0.272872 0.273667 0.271281 0.267303 0.26253 0.258552 0.254574 0.249801 0.245823 0.240255 0.236277 0.233095 0.230708 0.229117 0.227526 0.225139 0.223548 0.221957 0.220366 0.21957 0.217979 0.215593 0.212411 0.209228 0.206046 0.201273 0.194909 0.18934 0.182975 0.176611 0.169451 0.162291 0.155131 0.147971 0.140811 0.133652 0.126492 0.119332 0.112172 0.105012 0.0986476 0.0922832 0.0859189 0.0795545 0.0739857 0.0684169 0.0628481 0.0580748 0.0533015 0.0485282 0.043755 0.0405728 0.0381862 0.035004 0.0334129 0.0342084 0.0357995 0.0389817 0.0421639 0.0461416 0.0517104 0.0572792 0.0636436
0.260939 0.260939 0.260143 0.259348 0.257757 0.252983 0.247414 0.242641 0.237868 0.233095 0.225935 0.220366 0.215593 0.211615 0.207637 0.206046 0.20366 0.201273 0.199682 0.198886 0.197295 0.195704 0.193317 0.190931 0.187749 0.182975 0.177407 0.171042 0.164678 0.158313 0.151949 0.145585 0.13922 0.13206 0.124901 0.117741 0.110581 0.103421 0.0962609 0.089101 0.0827367 0.0763723 0.070008 0.0636436 0.0572792 0.0517104 0.0461416 0.0413683 0.0365951 0.0326173 0.0286396 0.0254574 0.0238663 0.0222753 0.0214797 0.0198886 0.0182975 0.0190931 0.0214797 0.0246619 0.0278441 0.0326173 0.0381862 0.0445505
0.252983 0.251392 0.249801 0.24821 0.245823 0.241846 0.237868 0.231504 0.225935 0.220366 0.214797 0.207637 0.201273 0.194909 0.188544 0.183771 0.18218 0.179793 0.178202 0.176611 0.175815 0.173429 0.171042 0.167064 0.163087 0.159109 0.15354 0.147971 0.142403 0.136038 0.129674 0.123309 0.116945 0.110581 0.104216 0.0970565 0.0898966 0.0827367 0.0755768 0.0684169 0.0620525 0.0556881 0.0493238 0.0429594 0.0373906 0.0318218 0.026253 0.0214797 0.017502 0.0135243 0.0119332 0.0111376 0.0111376 0.0103421 0.00954654 0.00875099 0.00795545 0.0071599 0.00636436 0.00875099 0.0119332 0.0151154 0.0206842 0.026253
0.246619 0.244232 0.241846 0.238663 0.235481 0.230708 0.225139 0.21957 0.214002 0.207637 0.201273 0.194113 0.186953 0.178202 0.171042 0.164678 0.159109 0.157518 0.155927 0.154336 0.152745 0.150358 0.147176 0.143994 0.140016 0.135243 0.130469 0.125696 0.120127 0.114558 0.10899 0.102625 0.0962609 0.0898966 0.0835322 0.0771679 0.0708035 0.0636436 0.0564837 0.0501193 0.043755 0.0373906 0.0310263 0.0246619 0.0190931 0.0135243 0.00875099 0.00477327 0.00159109 0.000795545 0.000795545 0.000795545 0.000795545 0.000795545 0.000795545 0.000795545 0.000795545 0.000795545 0.000795545 0 0 0.00318218 0.0071599 0.0127287
0.240255 0.237072 0.233095 0.229117 0.224344 0.21957 0.213206 0.206842 0.199682 0.192522 0.185362 0.178202 0.170247 0.162291 0.154336 0.14638 0.138425 0.133652 0.132856 0.131265 0.128878 0.126492 0.124105 0.120923 0.117741 0.113763 0.10899 0.104216 0.0994431 0.0946698 0.089101 0.0835322 0.0779634 0.071599 0.0652347 0.0588703 0.052506 0.0461416 0.0397772 0.0342084 0.0286396 0.0230708 0.017502 0.0119332 0.0071599 0.00318218 0.000795545 0 0 0 0 0 0 0 0 0 0 0 0 0 0 0 0 0.00318218
0.23389 0.229117 0.224344 0.21957 0.214002 0.208433 0.202068 0.194113 0.186158 0.178202 0.170247 0.162291 0.154336 0.145585 0.137629 0.128878 0.122514 0.115354 0.110581 0.10899 0.106603 0.104216 0.10183 0.0994431 0.0962609 0.0922832 0.0883055 0.0843278 0.0795545 0.0747812 0.070008 0.0652347 0.0596659 0.0540971 0.0485282 0.0429594 0.0373906 0.0318218 0.0270485 0.0214797 0.0167064 0.0119332 0.00795545 0.00397772 0.000795545 0 0 0 0 0 0 0 0 0 0 0 0 0 0 0 0 0 0 0
0.225935 0.21957 0.213206 0.206842 0.200477 0.194909 0.188544 0.181384 0.173429 0.165473 0.156722 0.147971 0.13922 0.131265 0.121718 0.113763 0.106603 0.100239 0.0930788 0.0875099 0.0859189 0.0843278 0.0819411 0.0787589 0.0755768 0.0723946 0.0692124 0.0652347 0.061257 0.0572792 0.052506 0.0477327 0.0429594 0.0381862 0.0334129 0.0286396 0.0238663 0.0198886 0.0151154 0.0111376 0.0071599 0.00397772 0.000795545 0 0 0 0 0 0 0 0 0 0 0 0 0 0 0 0 0 0 0 0 0
0.218775 0.210819 0.20366 0.1965 0.18934 0.18218 0.17502 0.16786 0.1607 0.151949 0.143198 0.134447 0.125696 0.11615 0.108194 0.100239 0.0922832 0.0843278 0.0771679 0.071599 0.0668258 0.0652347 0.0628481 0.0604614 0.0572792 0.0540971 0.0509149 0.0477327 0.0445505 0.0405728 0.0365951 0.0326173 0.0286396 0.0246619 0.0206842 0.0167064 0.0127287 0.00954654 0.00636436 0.00318218 0.000795545 0 0 0 0 0 0 0 0 0 0 0 0 0 0 0 0 0 0 0 0 0 0 0
0.214002 0.205251 0.195704 0.186953 0.178998 0.171042 0.163882 0.155927 0.147176 0.13922 0.130469 0.121718 0.112967 0.105012 0.0970565 0.0883055 0.0795545 0.0708035 0.0628481 0.0564837 0.0517104 0.0477327 0.0453461 0.0429594 0.0405728 0.0381862 0.035004 0.0318218 0.0286396 0.0254574 0.0222753 0.0190931 0.0159109 0.0127287 0.00954654 0.00636436 0.00397772 0.00159109 0 0 0 0 0 0 0 0 0 0 0 0 0 0 0 0 0 0 0 0 0 0 0 0 0 0
0.210024 0.199682 0.18934 0.180589 0.171838 0.162291 0.15354 0.144789 0.136038 0.127287 0.118536 0.111376 0.103421 0.0946698 0.0859189 0.0771679 0.0684169 0.0596659 0.052506 0.043755 0.0373906 0.0326173 0.0294352 0.0278441 0.0254574 0.0230708 0.0206842 0.0182975 0.0159109 0.0135243 0.0111376 0.00875099 0.00556881 0.00397772 0.00238663 0.000795545 0 0 0 0 0 0 0 0 0 0 0 0 0 0 0 0 0 0 0 0 0 0 0 0 0 0 0 0
0.208433 0.197295 0.186158 0.175815 0.165473 0.155927 0.14638 0.136834 0.127287 0.118536 0.110581 0.10183 0.0938743 0.0859189 0.0771679 0.0684169 0.0596659 0.0501193 0.0413683 0.0334129 0.026253 0.0206842 0.0167064 0.0143198 0.0127287 0.0111376 0.00954654 0.00795545 0.00636436 0.00477327 0.00238663 0.00159109 0.000795545 0 0 0 0 0 0 0 0 0 0 0 0 0 0 0 0 0 0 0 0 0 0 0 0 0 0 0 0 0 0 0
0.211615 0.198091 0.186158 0.17502 0.164678 0.154336 0.143198 0.133652 0.123309 0.112967 0.103421 0.0946698 0.0859189 0.0779634 0.070008 0.061257 0.0517104 0.0421639 0.0334129 0.0246619 0.017502 0.0111376 0.0071599 0.00477327 0.00397772 0.00318218 0.00238663 0.000795545 0 0 0 0 0 0 0 0 0 0 0 0 0 0 0 0 0 0 0 0 0 0 0 0 0 0 0 0 0 0 0 0 0 0 0 0
0.21957 0.206046 0.193317 0.181384 0.169451 0.157518 0.145585 0.134447 0.123309 0.112172 0.101034 0.0906921 0.0811456 0.071599 0.0628481 0.0540971 0.0453461 0.0365951 0.0286396 0.0206842 0.0135243 0.00795545 0.00318218 0.000795545 0 0 0 0 0 0 0 0 0 0 0 0 0 0 0 0 0 0 0 0 0 0 0 0 0 0 0 0 0 0 0 0 0 0 0 0 0 0 0 0
0.228321 0.214797 0.201273 0.188544 0.176611 0.164678 0.152745 0.140811 0.128083 0.11615 0.105012 0.0938743 0.0835322 0.0739857 0.0644391 0.0556881 0.0469372 0.0381862 0.0302307 0.0222753 0.0151154 0.00954654 0.00477327 0.00159109 0 0 0 0 0 0 0 0 0 0 0 0 0 0 0 0 0 0 0 0 0 0 0 0 0 0 0 0 0 0 0 0 0 0 0 0 0 0 0 0
0.237072 0.223548 0.210024 0.1965 0.183771 0.171042 0.159109 0.147176 0.135243 0.122514 0.109785 0.0986476 0.0875099 0.0771679 0.0676213 0.0588703 0.0501193 0.0413683 0.0326173 0.0246619 0.017502 0.0111376 0.00636436 0.00318218 0.000795545 0 0 0 0 0 0 0 0 0 0 0 0 0 0 0 0 0 0 0 0 0 0 0 0 0 0 0 0 0 0 0 0 0 0 0 0 0 0 0
0.249006 0.236277 0.223548 0.211615 0.198886 0.186158 0.172633 0.159905 0.14638 0.132856 0.119332 0.106603 0.0938743 0.0819411 0.071599 0.061257 0.0517104 0.0429594 0.035004 0.0270485 0.0190931 0.0127287 0.00795545 0.00397772 0.00159109 0 0 0 0 0 0 0 0 0 0 0 0 0 0 0 0 0 0 0 0 0 0 0 0 0 0 0 0 0 0 0 0 0 0 0 0 0 0 0
0.266508 0.252983 0.239459 0.22673 0.214002 0.201273 0.187749 0.174224 0.159905 0.145585 0.131265 0.116945 0.103421 0.0898966 0.0779634 0.0668258 0.0564837 0.0461416 0.0365951 0.0286396 0.0214797 0.0143198 0.00875099 0.00477327 0.00238663 0.000795545 0 0 0 0 0 0 0 0 0 0 0 0 0 0 0 0 0 0 0 0 0 0 0 0 0 0 0 0 0 0 0 0 0 0 0 0 0 0
0.28401 0.270485 0.256961 0.244232 0.230708 0.217184 0.20366 0.18934 0.174224 0.159905 0.144789 0.129674 0.114558 0.101034 0.0875099 0.0747812 0.0628481 0.0517104 0.0413683 0.0310263 0.0222753 0.0159109 0.00954654 0.00556881 0.00238663 0.000795545 0 0 0 0 0 0 0 0 0 0 0 0 0 0 0 0 0 0 0 0 0 0 0 0 0 0 0 0 0 0 0 0 0 0 0 0 0 0
0.303103 0.289578 0.275259 0.261734 0.249006 0.234686 0.220366 0.206046 0.190931 0.17502 0.159905 0.144789 0.128878 0.113763 0.0994431 0.0859189 0.0731901 0.0604614 0.0493238 0.0381862 0.0278441 0.0182975 0.0111376 0.00556881 0.00238663 0.000795545 0 0 0 0 0 0 0 0 0 0 0 0 0 0 0 0 0 0 0 0 0 0 0 0 0 0 0 0 0 0 0 0 0 0 0 0 0 0
0.322991 0.309467 0.295147 0.280827 0.266508 0.252983 0.239459 0.224344 0.208433 0.192522 0.177407 0.161496 0.145585 0.128878 0.113763 0.0986476 0.0851233 0.0708035 0.0588703 0.0469372 0.0357995 0.0254574 0.0159109 0.0071599 0.00238663 0.000795545 0 0 0 0 0 0 0 0 0 0 0 0 0 0 0 0 0 0 0 0 0 0 0 0 0 0 0 0 0 0 0 0 0 0 0 0 0 0
0.343675 0.329356 0.315036 0.301512 0.287192 0.272872 0.258552 0.244232 0.228321 0.211615 0.194909 0.178202 0.161496 0.144789 0.128083 0.112172 0.0970565 0.0819411 0.0692124 0.0564837 0.0445505 0.0334129 0.0230708 0.0135243 0.00636436 0.000795545 0 0 0 0 0 0 0 0 0 0 0 0 0 0 0 0 0 0 0 0 0 0 0 0 0 0 0 0 0 0 0 0 0 0 0 0 0 0
0.365155 0.350835 0.337311 0.322991 0.308671 0.293556 0.279236 0.263325 0.247414 0.229912 0.212411 0.194909 0.177407 0.159905 0.142403 0.124901 0.108194 0.0938743 0.08035 0.0668258 0.0540971 0.0421639 0.0310263 0.0206842 0.0127287 0.00636436 0.00159109 0 0 0 0 0 0 0 0 0 0 0 0 0 0 0 0 0 0 0 0 0 0 0 0 0 0 0 0 0 0 0 0 0 0 0 0 0
