data/LOI200_Meandbh_cm.asc
ncols         504
nrows         401
xllcorner     347695.93724505
yllcorner     611191.17937377
cellsize      10
NODATA_value  -9999
[rows 300 to 329 of 401, columns 408 to 475 of 504]
22.86 22.86 22.86 22.86 22.86 22.86 22.86 22.86 22.86 22.86 22.86 22.86 22.86 22.86 22.86 22.8479 22.8115 22.763 22.7024 22.6357 22.563 22.472 22.3508 22.1992 22.0477 21.8901 21.7325 21.5688 21.393 21.2111 21.0232 20.8353 20.6413 20.4534 20.2594 20.0715 19.8835 19.6956 19.5077 19.3198 19.1379 18.956 18.7802 18.6044 18.4226 18.2528 18.0892 17.9255 17.7679 17.5921 17.386 17.1859 16.9737 16.7555 16.5433 16.3675 16.1978 16.022 15.8583 15.7128 15.5855 15.5128 15.4946 15.4764 15.4885 15.5007 15.5492 15.5916
22.86 22.86 22.86 22.86 22.86 22.86 22.86 22.86 22.86 22.86 22.86 22.86 22.86 22.86 22.86 22.8479 22.8115 22.7569 22.6963 22.6296 22.5569 22.472 22.375 22.2417 22.0901 21.9325 21.7749 21.6052 21.4233 21.2354 21.0414 20.8413 20.6352 20.4352 20.2351 20.0351 19.835 19.6411 19.441 19.247 19.0591 18.8712 18.6832 18.5014 18.3135 18.1377 17.9679 17.8042 17.6406 17.4405 17.2223 16.998 16.7737 16.5494 16.319 16.1251 15.9432 15.7613 15.5795 15.4219 15.2764 15.1794 15.1612 15.1551 15.1673 15.1976 15.2279 15.2764
22.86 22.86 22.86 22.86 22.86 22.86 22.86 22.86 22.86 22.86 22.86 22.86 22.86 22.86 22.86 22.8479 22.8115 22.7569 22.6963 22.6296 22.5508 22.472 22.3811 22.278 22.1326 21.9871 21.8295 21.6537 21.4657 21.2717 21.0717 20.8656 20.6534 20.4412 20.223 20.0108 19.7987 19.5926 19.3864 19.1803 18.9803 18.7863 18.5923 18.4044 18.2165 18.0346 17.8588 17.6951 17.5072 17.289 17.0647 16.8283 16.5918 16.3433 16.1129 15.9008 15.7128 15.5128 15.3006 15.1369 14.9854 14.8823 14.852 14.8642 14.8642 14.8945 14.9248 14.9915
22.86 22.86 22.86 22.86 22.86 22.86 22.86 22.86 22.86 22.86 22.86 22.86 22.86 22.86 22.86 22.8479 22.8115 22.7569 22.6963 22.6296 22.5569 22.4781 22.3932 22.2962 22.175 22.0356 21.8779 21.7082 21.5203 21.3202 21.1141 20.902 20.6837 20.4655 20.2412 20.0169 19.7865 19.5622 19.3379 19.1258 18.9136 18.7075 18.5135 18.3195 18.1316 17.9437 17.7679 17.5981 17.386 17.1617 16.9192 16.6706 16.416 16.1675 15.9189 15.7007 15.4825 15.2521 15.0521 14.8823 14.7308 14.6095 14.5611 14.5611 14.5732 14.6035 14.6641 14.7429
22.86 22.86 22.86 22.86 22.86 22.86 22.86 22.86 22.86 22.86 22.86 22.86 22.86 22.86 22.8539 22.8479 22.8115 22.7569 22.6903 22.6296 22.563 22.4842 22.4053 22.3084 22.2114 22.078 21.9264 21.7567 21.5688 21.3748 21.1687 20.9565 20.7383 20.52 20.2958 20.0654 19.835 19.6047 19.3743 19.1379 18.9075 18.6893 18.4771 18.2771 18.077 17.8891 17.7012 17.5072 17.2768 17.0465 16.7798 16.5252 16.2705 15.9978 15.731 15.5007 15.2582 15.04 14.8399 14.652 14.4762 14.3549 14.2943 14.2822 14.3125 14.3549 14.4337 14.5065
22.86 22.86 22.86 22.86 22.86 22.86 22.86 22.86 22.86 22.86 22.86 22.86 22.8539 22.8479 22.8479 22.8297 22.7933 22.7388 22.6842 22.6236 22.5508 22.4781 22.3993 22.3084 22.2174 22.1083 21.9628 21.7991 21.6173 21.4233 21.2172 21.005 20.7868 20.5685 20.3442 20.12 19.8896 19.6532 19.4168 19.1803 18.9439 18.7014 18.465 18.2468 18.0407 17.8346 17.6466 17.4284 17.1799 16.9313 16.6646 16.3979 16.1311 15.8462 15.5674 15.3067 15.0703 14.852 14.6459 14.4519 14.2519 14.1125 14.0458 14.0276 14.07 14.1246 14.1973 14.2883
22.86 22.86 22.86 22.86 22.86 22.86 22.86 22.86 22.86 22.8539 22.8418 22.8297 22.8236 22.8176 22.8054 22.7933 22.7448 22.6903 22.6357 22.5751 22.5084 22.4357 22.3629 22.2841 22.1932 22.0841 21.9628 21.8113 21.6415 21.4597 21.2657 21.0535 20.8353 20.611 20.3927 20.1563 19.9138 19.6774 19.441 19.2046 18.9682 18.7317 18.4953 18.2589 18.0285 17.8042 17.5921 17.3557 17.1011 16.8404 16.5676 16.2827 15.9917 15.7007 15.4037 15.143 14.9066 14.6944 14.4762 14.2579 14.0458 13.9003 13.8215 13.8033 13.8397 13.9124 13.9852 14.0821
22.86 22.86 22.86 22.86 22.86 22.86 22.86 22.8539 22.8358 22.8176 22.8054 22.7933 22.7812 22.763 22.7509 22.7327 22.6903 22.6357 22.5751 22.5145 22.4478 22.3811 22.3144 22.2356 22.1568 22.0477 21.9264 21.781 21.6112 21.4354 21.2475 21.0474 20.8413 20.6049 20.3685 20.1321 19.8957 19.6532 19.4168 19.1803 18.95 18.7196 18.4893 18.2589 18.0285 17.8042 17.58 17.3253 17.0465 16.7495 16.4585 16.1796 15.8826 15.5734 15.2703 15.0157 14.7853 14.555 14.3125 14.0882 13.87 13.6942 13.6214 13.5972 13.6336 13.7002 13.7851 13.8942
22.86 22.86 22.86 22.86 22.86 22.8539 22.8358 22.8115 22.7933 22.7751 22.7569 22.7388 22.7206 22.6963 22.6842 22.666 22.6296 22.569 22.5145 22.4478 22.3811 22.3144 22.2417 22.1629 22.0841 21.9628 21.8295 21.684 21.5203 21.3445 21.1566 20.9565 20.7443 20.5261 20.3079 20.0775 19.8472 19.6168 19.3804 19.15 18.9197 18.6893 18.465 18.2407 18.0164 17.7982 17.58 17.3132 17.0162 16.7191 16.4039 16.0887 15.7916 15.4582 15.1673 14.9126 14.6823 14.4459 14.1852 13.9427 13.7124 13.5184 13.4396 13.3971 13.4274 13.4941 13.5911 13.7124
22.86 22.86 22.86 22.8539 22.8418 22.8176 22.7933 22.7691 22.7448 22.7206 22.6963 22.6721 22.6539 22.6357 22.6115 22.5872 22.5569 22.5023 22.4417 22.375 22.3084 22.2356 22.1568 22.0719 21.981 21.8598 21.7203 21.5627 21.399 21.2172 21.0293 20.8292 20.6292 20.4231 20.2109 19.9987 19.7865 19.5622 19.3319 19.1076 18.8833 18.659 18.4347 18.2104 17.9922 17.7739 17.5618 17.3011 17.0041 16.701 16.3857 16.0584 15.725 15.3794 15.0945 14.846 14.6035 14.3428 14.0761 13.8154 13.5729 13.3729 13.2577 13.2153 13.2456 13.3123 13.4153 13.5426
22.86 22.86 22.8479 22.8297 22.8054 22.7751 22.7509 22.7266 22.6963 22.666 22.6357 22.6115 22.5872 22.563 22.5448 22.5145 22.4842 22.4296 22.3629 22.2962 22.2174 22.1326 22.0537 21.9628 21.8719 21.7385 21.593 21.4354 21.2536 21.0717 20.8838 20.6898 20.4958 20.3018 20.1018 19.8957 19.6895 19.4834 19.2713 19.047 18.8287 18.6105 18.3923 18.174 17.9558 17.7376 17.5133 17.2708 16.9798 16.6767 16.3554 16.0341 15.6947 15.3673 15.0824 14.8096 14.5489 14.2701 14.0033 13.7427 13.4759 13.2456 13.1122 13.0577 13.0698 13.1425 13.2577 13.385
22.86 22.8418 22.8236 22.7933 22.763 22.7388 22.7084 22.6781 22.6478 22.6115 22.5811 22.5508 22.5205 22.4963 22.472 22.4478 22.4114 22.3508 22.2841 22.2114 22.1204 22.0295 21.9386 21.8476 21.7506 21.6173 21.4657 21.296 21.1141 20.9262 20.7383 20.5504 20.3624 20.1684 19.9805 19.7865 19.5865 19.3864 19.1864 18.9742 18.756 18.5438 18.3316 18.1195 17.9073 17.6951 17.4708 17.2284 16.9434 16.6464 16.3312 16.0099 15.6825 15.3916 15.1066 14.8278 14.5429 14.2579 13.967 13.6821 13.4214 13.1668 13.0031 12.9122 12.9243 13.0031 13.1122 13.2577
22.8418 22.8176 22.7873 22.7569 22.7266 22.6963 22.666 22.6296 22.5933 22.563 22.5326 22.4963 22.466 22.4357 22.4053 22.375 22.3387 22.2841 22.2174 22.1326 22.0477 21.9628 21.8719 21.7688 21.6718 21.5263 21.3687 21.1929 21.0171 20.8413 20.6595 20.4837 20.2958 20.1018 19.9078 19.7138 19.5198 19.3198 19.1197 18.9136 18.7075 18.4893 18.2771 18.0649 17.8527 17.6406 17.4223 17.1799 16.901 16.6161 16.3069 15.9796 15.6886 15.4037 15.1248 14.846 14.5671 14.2822 13.9852 13.6942 13.4093 13.1304 12.9061 12.797 12.8152 12.8758 13.0092 13.1607
22.8176 22.7933 22.7569 22.7206 22.6903 22.6539 22.6175 22.5811 22.5508 22.5145 22.4781 22.4478 22.4175 22.3811 22.3447 22.3144 22.2841 22.2417 22.1811 22.1083 22.0234 21.9386 21.8476 21.7506 21.6415 21.4718 21.3021 21.1323 20.9565 20.7747 20.5989 20.417 20.2351 20.0472 19.8472 19.6532 19.4592 19.2591 19.0591 18.859 18.6529 18.4408 18.2286 18.0164 17.8042 17.5921 17.386 17.1374 16.8586 16.5797 16.2827 15.9856 15.7068 15.434 15.1551 14.8702 14.5914 14.3004 14.0155 13.7366 13.4517 13.1668 12.894 12.7303 12.7121 12.8031 12.9243 13.0819
22.7994 22.763 22.7266 22.6903 22.6539 22.6175 22.5811 22.5387 22.5023 22.466 22.4357 22.3993 22.3629 22.3326 22.3023 22.278 22.2538 22.2174 22.1629 22.0962 22.0174 21.9325 21.8476 21.7506 21.6476 21.4718 21.2778 21.0838 20.908 20.7322 20.5504 20.3624 20.1806 19.9987 19.8047 19.6107 19.4168 19.2228 19.0227 18.8227 18.6105 18.4044 18.1983 17.9861 17.7739 17.5618 17.3496 17.1011 16.8283 16.5494 16.2887 15.9978 15.725 15.4582 15.1794 14.9005 14.6217 14.3428 14.0579 13.779 13.5002 13.2153 12.9364 12.7121 12.7 12.7667 12.8697 13.0213
22.7751 22.7388 22.6963 22.66 22.6236 22.5811 22.5387 22.5023 22.466 22.4235 22.3872 22.3568 22.3265 22.3023 22.278 22.2538 22.2295 22.1992 22.1507 22.0901 22.0234 21.9446 21.8598 21.7688 21.6597 21.4839 21.296 21.0899 20.8838 20.6898 20.5079 20.3321 20.1442 19.9563 19.7623 19.5683 19.3804 19.1925 18.9924 18.7863 18.5802 18.3801 18.174 17.9619 17.7497 17.5375 17.3314 17.1011 16.8283 16.5615 16.3009 16.0159 15.7432 15.4764 15.2158 14.9369 14.658 14.3792 14.0943 13.8275 13.5487 13.2638 12.9849 12.7303 12.7061 12.7727 12.894 13.0213
22.7509 22.7084 22.6721 22.6357 22.5933 22.5508 22.5084 22.466 22.4235 22.3932 22.3629 22.3326 22.3084 22.2841 22.2599 22.2356 22.2053 22.175 22.1386 22.0841 22.0234 21.9507 21.8719 21.787 21.684 21.5021 21.3081 21.102 20.8959 20.6837 20.4897 20.3018 20.1139 19.926 19.732 19.538 19.344 19.1561 18.9682 18.756 18.5559 18.3559 18.1498 17.9437 17.7315 17.5254 17.3314 17.1071 16.8646 16.5858 16.313 16.0402 15.7674 15.5007 15.2461 14.9672 14.6884 14.4095 14.1367 13.87 13.5911 13.3183 13.0516 12.8031 12.7242 12.8031 12.9122 13.0455
22.7266 22.6842 22.6478 22.6054 22.563 22.5205 22.4781 22.4357 22.3993 22.369 22.3387 22.3144 22.2902 22.2659 22.2417 22.2174 22.1871 22.1568 22.1265 22.078 22.0234 21.9628 21.8901 21.8052 21.7082 21.5263 21.3263 21.1263 20.9141 20.7019 20.4897 20.2836 20.0896 19.8957 19.7077 19.5137 19.3198 19.1318 18.9379 18.7378 18.5378 18.3377 18.1377 17.9316 17.7254 17.5254 17.3375 17.1253 16.8889 16.6343 16.3554 16.0766 15.7916 15.5249 15.2703 15.0036 14.7247 14.4519 14.1791 13.9063 13.6396 13.3729 13.1304 12.9061 12.7849 12.8212 12.9304 13.0577
22.7024 22.666 22.6236 22.5811 22.5387 22.4902 22.4478 22.4114 22.3811 22.3508 22.3265 22.3023 22.278 22.2538 22.2295 22.1992 22.1689 22.1386 22.1083 22.078 22.0234 21.9689 21.9022 21.8234 21.7264 21.5506 21.3566 21.1505 20.9383 20.7201 20.4958 20.2836 20.0775 19.8775 19.6895 19.5016 19.3076 19.1076 18.9136 18.7257 18.5317 18.3316 18.1316 17.9316 17.7376 17.5375 17.3496 17.1495 16.9131 16.6767 16.3979 16.1129 15.8341 15.5613 15.3006 15.0339 14.755 14.4822 14.2095 13.9488 13.6881 13.4456 13.2153 13.0334 12.9 12.8637 12.9364 13.0637
22.6842 22.6418 22.5993 22.5569 22.5084 22.466 22.4296 22.3932 22.3629 22.3387 22.3144 22.2902 22.2659 22.2417 22.2174 22.1871 22.1568 22.1265 22.0962 22.0659 22.0295 21.9749 21.9143 21.8355 21.7385 21.5748 21.3869 21.1747 20.9626 20.7383 20.514 20.2897 20.0775 19.8714 19.6714 19.4834 19.2895 19.0894 18.9015 18.7136 18.5196 18.3256 18.1316 17.9376 17.7436 17.5496 17.3617 17.1738 16.9556 16.7131 16.4585 16.1675 15.8947 15.6158 15.3309 15.0581 14.7975 14.5247 14.264 14.0033 13.7548 13.5305 13.3305 13.1425 13.0213 12.9122 12.9728 13.0637
22.666 22.6236 22.5811 22.5326 22.4842 22.4478 22.4114 22.3811 22.3508 22.3265 22.3023 22.278 22.2538 22.2295 22.1992 22.1689 22.1386 22.1083 22.078 22.0477 22.0174 21.981 21.9204 21.8416 21.7506 21.5991 21.4112 21.199 20.9868 20.7625 20.5322 20.2958 20.0775 19.8653 19.6653 19.4653 19.2773 19.0833 18.8954 18.7075 18.5135 18.3195 18.1255 17.9316 17.7436 17.5557 17.3678 17.192 16.9919 16.7495 16.5009 16.2099 15.9311 15.6643 15.3855 15.1006 14.8399 14.5792 14.3064 14.0518 13.8215 13.6214 13.4274 13.2577 13.1365 13.0455 13.0274 13.1001
22.6478 22.6054 22.563 22.5145 22.466 22.4296 22.3932 22.3629 22.3387 22.3144 22.2902 22.2659 22.2417 22.2174 22.1871 22.1568 22.1265 22.0962 22.0659 22.0356 22.0053 21.9749 21.9264 21.8598 21.7628 21.6112 21.4294 21.2232 21.005 20.7747 20.5443 20.3079 20.0775 19.8653 19.6592 19.4592 19.2652 19.0773 18.8894 18.7014 18.5074 18.3135 18.1255 17.9316 17.7436 17.5618 17.3799 17.198 17.0222 16.7919 16.5433 16.2645 15.9796 15.7068 15.44 15.1551 14.8823 14.6217 14.361 14.1125 13.9003 13.7063 13.5305 13.3668 13.2638 13.185 13.1122 13.1668
22.6357 22.5933 22.5448 22.4963 22.4538 22.4175 22.3811 22.3508 22.3265 22.3023 22.278 22.2538 22.2295 22.2053 22.175 22.1447 22.1144 22.0841 22.0537 22.0234 21.9931 21.9628 21.9143 21.8598 21.7688 21.6233 21.4415 21.2354 21.0171 20.7868 20.5504 20.3139 20.0775 19.8532 19.6471 19.4471 19.2531 19.0652 18.8833 18.6954 18.5014 18.3074 18.1195 17.9376 17.7497 17.5618 17.3799 17.198 17.0222 16.8283 16.5797 16.313 16.0341 15.7553 15.4885 15.2158 14.9308 14.6702 14.4156 14.1973 13.9852 13.7972 13.6275 13.4881 13.3971 13.3183 13.2638 13.2456
22.6236 22.5811 22.5326 22.4842 22.4417 22.4053 22.369 22.3447 22.3205 22.2962 22.272 22.2477 22.2235 22.1992 22.1689 22.1386 22.1083 22.078 22.0477 22.0174 21.9871 21.9507 21.9022 21.8416 21.7567 21.6112 21.4415 21.2414 21.0111 20.7747 20.5322 20.2958 20.0593 19.835 19.6289 19.4228 19.2288 19.0409 18.859 18.6711 18.4832 18.3013 18.1195 17.9376 17.7497 17.5678 17.3799 17.198 17.0222 16.8525 16.6282 16.3554 16.0887 15.822 15.5492 15.2703 14.9975 14.7308 14.4822 14.2761 14.0821 13.9124 13.7487 13.6154 13.5305 13.4699 13.4153 13.3668
22.6175 22.569 22.5205 22.4781 22.4357 22.3993 22.3629 22.3387 22.3144 22.2902 22.2659 22.2417 22.2174 22.1932 22.1629 22.1326 22.1022 22.0719 22.0416 22.0113 21.981 21.9386 21.8901 21.8113 21.7082 21.5627 21.3869 21.1929 20.9747 20.7443 20.5079 20.2715 20.0351 19.8108 19.5926 19.3925 19.1985 19.0106 18.8287 18.6529 18.4711 18.2832 18.1074 17.9316 17.7436 17.5618 17.3738 17.198 17.0222 16.8464 16.6525 16.4039 16.1372 15.8826 15.6158 15.3309 15.0642 14.7975 14.5732 14.3731 14.1852 14.0215 13.8882 13.7669 13.6821 13.6093 13.5608 13.5244
22.6054 22.5569 22.5084 22.466 22.4296 22.3932 22.3629 22.3387 22.3144 22.2902 22.2659 22.2417 22.2174 22.1932 22.1629 22.1326 22.1022 22.0719 22.0416 22.0113 21.9749 21.9264 21.8537 21.7446 21.6173 21.4657 21.2899 21.1081 20.908 20.6958 20.4655 20.2291 19.9926 19.7684 19.5562 19.3501 19.1561 18.9682 18.7924 18.6226 18.4408 18.2589 18.077 17.9012 17.7315 17.5557 17.3738 17.192 17.0101 16.8343 16.6646 16.4524 16.1978 15.9371 15.6825 15.4097 15.1491 14.8823 14.6641 14.4822 14.3125 14.1549 14.0215 13.9124 13.8336 13.777 13.7326 13.6356
22.569 22.5387 22.5084 22.466 22.4235 22.3872 22.3629 22.3387 22.3144 22.2902 22.2659 22.2417 22.2174 22.1871 22.1568 22.1265 22.0962 22.0659 22.0356 22.0053 21.9446 21.8779 21.7688 21.6415 21.5021 21.3505 21.1808 20.9989 20.805 20.6049 20.3927 20.1684 19.932 19.7138 19.5016 19.3076 19.1076 18.9257 18.7499 18.5802 18.4044 18.2286 18.0528 17.8831 17.7073 17.5254 17.3496 17.1677 16.9919 16.8161 16.6464 16.4645 16.2281 15.9796 15.725 15.4764 15.2218 14.9793 14.7672 14.5792 14.4216 14.2883 14.1771 14.0821 14.0114 13.9609 13.8801 13.7912
22.5266 22.4963 22.4781 22.4538 22.4235 22.3872 22.3568 22.3326 22.3084 22.2841 22.2599 22.2356 22.2114 22.1871 22.1568 22.1265 22.0962 22.0659 22.0113 21.9568 21.884 21.7931 21.6537 21.5203 21.3809 21.2293 21.0596 20.8777 20.6837 20.4837 20.2776 20.0715 19.8593 19.6471 19.441 19.2531 19.0591 18.8772 18.7014 18.5378 18.368 18.1922 18.0164 17.8467 17.6709 17.489 17.3072 17.1314 16.9556 16.7798 16.604 16.4403 16.2524 16.0159 15.7735 15.5431 15.2885 15.0642 14.8702 14.7005 14.559 14.4439 14.3469 14.2761 14.2175 14.1468 14.0579 13.973
22.4781 22.4538 22.4357 22.4175 22.3993 22.375 22.3568 22.3326 22.3084 22.2841 22.2599 22.2356 22.2114 22.1871 22.1568 22.1265 22.0719 22.0113 21.9507 21.884 21.8052 21.6718 21.5324 21.393 21.2475 21.0959 20.9262 20.7443 20.5504 20.3564 20.1563 19.9502 19.738 19.538 19.3501 19.1743 18.9863 18.8105 18.6408 18.4711 18.3013 18.1316 17.9619 17.7921 17.6224 17.4466 17.2647 17.0829 16.9071 16.7373 16.5676 16.3979 16.2342 16.0341 15.8098 15.5916 15.3673 15.1551 14.9773 14.8258 14.7045 14.6075 14.5166 14.4681 14.4196 14.3408 14.2519 14.1549
22.4235 22.4053 22.3932 22.375 22.3629 22.3508 22.3387 22.3265 22.3084 22.2841 22.2599 22.2356 22.2114 22.1871 22.1386 22.078 22.0113 21.9446 21.8719 21.7991 21.6961 21.5506 21.4051 21.2596 21.1081 20.9565 20.7868 20.6049 20.417 20.223 20.023 19.8229 19.6168 19.4228 19.2288 19.0591 18.8833 18.7136 18.5438 18.3862 18.2225 18.0528 17.8831 17.7194 17.5496 17.3799 17.2041 17.0283 16.8525 16.6828 16.513 16.3494 16.1857 16.0402 15.8401 15.6401 15.4259 15.2279 15.0521 14.9106 14.7712 14.6964 14.6459 14.6196 14.559 14.4681 14.3873 14.2782
