data/LOI200_Meandbh_cm.asc
ncols         504
nrows         401
xllcorner     347695.93724505
yllcorner     611191.17937377
cellsize      10
NODATA_value  -9999
[rows 300 to 329 of 401, columns 68 to 135 of 504]
22.7509 22.7994 22.8358 22.86 22.8418 22.6054 22.2962 22.0053 21.8234 21.6779 21.5688 21.4779 21.4051 21.3324 21.296 21.2414 21.2051 21.1505 21.1141 21.0778 21.0596 21.0596 21.0596 21.0414 21.0272 20.9525 20.9141 20.8615 20.805 20.7625 20.7383 20.714 20.7403 20.7484 20.7747 20.7827 20.8232 20.8595 20.9141 21.0192 21.1242 21.2657 21.4576 21.6678 22.0234 22.3245 22.5266 22.5852 22.6377 22.662 22.6822 22.7004 22.7044 22.664 22.6216 22.5912 22.5609 22.5306 22.5165 22.5044 22.4922 22.4801 22.468 22.47 22.474 22.4801 22.5145 22.5347
22.7448 22.7873 22.8297 22.86 22.8418 22.6054 22.2962 22.0234 21.8416 21.6961 21.5688 21.4597 21.3869 21.3142 21.2778 21.2232 21.1869 21.1323 21.0959 21.0596 21.0414 21.0414 21.0414 21.0232 21.0232 21.005 21.0232 20.9989 20.9565 20.9141 20.8757 20.8656 20.8919 20.8999 20.9404 20.9606 21.001 21.0414 21.1141 21.2051 21.3081 21.4475 21.6233 21.8173 22.1689 22.4801 22.6478 22.6882 22.7226 22.7549 22.7852 22.7731 22.7448 22.7165 22.6882 22.6579 22.6135 22.5973 22.5832 22.569 22.5549 22.5428 22.5306 22.5205 22.5387 22.5428 22.5468 22.5529
22.7327 22.7812 22.8236 22.86 22.8418 22.6054 22.2962 22.0416 21.8598 21.6961 21.5688 21.4597 21.3687 21.296 21.2596 21.2051 21.1687 21.1141 21.0778 21.0414 21.0232 21.0232 21.0232 21.005 21.005 20.9868 21.005 21.0232 21.0232 20.9929 20.9808 20.9686 20.9929 20.9989 21.0353 21.0555 21.1081 21.1788 21.2657 21.3526 21.4395 21.5627 21.7365 21.9285 22.278 22.5589 22.7084 22.7468 22.765 22.767 22.7549 22.7408 22.7266 22.7105 22.6923 22.6761 22.66 22.6317 22.6175 22.6034 22.5892 22.5751 22.5609 22.565 22.5549 22.5448 22.5347 22.5266
22.7327 22.7812 22.8236 22.8539 22.8418 22.6054 22.3144 22.0598 21.8598 21.6961 21.5688 21.4597 21.3687 21.296 21.2414 21.1869 21.1505 21.0959 21.0596 21.0232 21.005 21.005 21.005 20.9868 20.9868 20.9686 20.9868 21.003 20.9989 20.9949 21.0091 21.0091 21.0454 21.0616 21.098 21.1343 21.1828 21.2495 21.3344 21.4374 21.5203 21.6415 21.8133 21.9871 22.3225 22.6034 22.7367 22.7408 22.7287 22.7165 22.7044 22.6903 22.6741 22.6579 22.6397 22.6216 22.6034 22.5892 22.5751 22.5609 22.5468 22.5326 22.5205 22.5084 22.4963 22.4862 22.4761 22.468
22.7327 22.7812 22.8236 22.8539 22.8418 22.6054 22.3144 22.0598 21.8598 21.6961 21.5688 21.4597 21.3687 21.296 21.2414 21.1869 21.1323 21.0778 21.0414 21.005 20.9868 20.9868 20.9868 20.9686 20.9686 20.9484 20.9626 20.9747 20.9686 20.9626 20.9747 20.9868 21.0333 21.0818 21.1283 21.1747 21.2212 21.2717 21.3546 21.4536 21.5546 21.688 21.8416 22.0154 22.3346 22.5973 22.6963 22.6862 22.6741 22.662 22.6478 22.6337 22.6175 22.5993 22.5811 22.563 22.5468 22.5306 22.5145 22.5003 22.4862 22.472 22.4599 22.4478 22.4357 22.4235 22.4154 22.4094
22.7327 22.7812 22.8236 22.8539 22.8418 22.6054 22.3144 22.0598 21.8598 21.6961 21.5688 21.4597 21.3687 21.296 21.2414 21.1869 21.1323 21.0778 21.0232 20.9868 20.9686 20.9686 20.9686 20.9484 20.9444 20.9201 20.9302 20.9404 20.9323 20.9242 20.9343 20.9626 21.007 21.0515 21.0959 21.1404 21.1849 21.2475 21.3263 21.4253 21.5425 21.6577 21.8113 21.983 22.2982 22.5609 22.6397 22.6256 22.6135 22.6014 22.5872 22.571 22.5549 22.5367 22.5185 22.5003 22.4842 22.468 22.4518 22.4357 22.4215 22.4094 22.3973 22.3851 22.373 22.3629 22.3568 22.3528
22.7327 22.7812 22.8236 22.8539 22.8418 22.6054 22.2962 22.0598 21.8598 21.6961 21.5688 21.4597 21.3687 21.296 21.2414 21.1869 21.1323 21.0778 21.0232 20.9868 20.9686 20.9686 20.9646 20.9404 20.9141 20.906 20.9141 20.9222 20.9121 20.902 20.91 20.9343 20.9767 21.0192 21.0616 21.104 21.1465 21.2051 21.2818 21.3788 21.492 21.6254 21.7769 21.9467 22.2619 22.5205 22.5791 22.565 22.5508 22.5367 22.5225 22.5064 22.4882 22.47 22.4518 22.4357 22.4195 22.4033 22.3872 22.371 22.3548 22.3427 22.3306 22.3205 22.3124 22.3084 22.3043 22.3023
22.7327 22.7812 22.8236 22.8539 22.8418 22.6054 22.278 22.0598 21.8598 21.6961 21.5688 21.4597 21.3687 21.296 21.2414 21.1869 21.1323 21.0778 21.0232 20.9868 20.9686 20.9626 20.9545 20.9282 20.8999 20.8878 20.8939 20.8999 20.8878 20.8757 20.8797 20.902 20.9424 20.9828 21.0232 21.0636 21.102 21.1586 21.2354 21.3303 21.4415 21.591 21.7405 21.9083 22.2215 22.4781 22.5165 22.5003 22.4862 22.47 22.4538 22.4377 22.4195 22.4013 22.3831 22.367 22.3508 22.3346 22.3185 22.3023 22.2881 22.276 22.2679 22.2619 22.2578 22.2558 22.2558 22.2558
22.7388 22.7812 22.8236 22.86 22.8418 22.5872 22.2599 22.0598 21.8598 21.6961 21.5688 21.4597 21.3687 21.296 21.2414 21.1869 21.1323 21.0778 21.0232 20.9868 20.9606 20.9525 20.9424 20.9121 20.8797 20.8656 20.8696 20.8737 20.8595 20.8434 20.8454 20.8656 20.904 20.9424 20.9808 21.0192 21.0555 21.1121 21.1869 21.2778 21.3889 21.5365 21.7021 21.8678 22.177 22.4336 22.4518 22.4357 22.4175 22.4013 22.3831 22.367 22.3488 22.3306 22.3124 22.2962 22.2801 22.2639 22.2477 22.2316 22.2215 22.2134 22.2073 22.2053 22.2053 22.2073 22.2093 22.2114
22.7448 22.7933 22.8297 22.86 22.8418 22.569 22.2417 22.0598 21.8598 21.6961 21.5688 21.4597 21.3687 21.296 21.2414 21.1869 21.1323 21.0778 21.0232 20.9787 20.9505 20.9383 20.9242 20.8898 20.8555 20.8393 20.8413 20.8434 20.8252 20.809 20.809 20.8272 20.8636 20.8999 20.9363 20.9707 21.007 21.0616 21.1343 21.2253 21.3364 21.4819 21.6638 21.8254 22.1326 22.3851 22.3851 22.367 22.3488 22.3306 22.3124 22.2942 22.276 22.2578 22.2396 22.2235 22.2073 22.1912 22.175 22.1649 22.1588 22.1548 22.1507 22.1507 22.1548 22.1588 22.1629 22.1669
22.7569 22.7994 22.8358 22.86 22.8236 22.5508 22.2235 22.0416 21.8598 21.6961 21.5688 21.4597 21.3687 21.296 21.2414 21.1869 21.1323 21.0778 21.0171 20.9686 20.9363 20.9201 20.902 20.8656 20.8292 20.811 20.811 20.809 20.7908 20.7706 20.7686 20.7848 20.8191 20.8535 20.8898 20.9262 20.9626 21.0151 21.0879 21.1768 21.2839 21.4294 21.6092 21.787 22.0942 22.3265 22.3245 22.3043 22.2821 22.2619 22.2417 22.2235 22.2053 22.1871 22.1689 22.1528 22.1366 22.1204 22.1123 22.1063 22.1022 22.1002 22.1002 22.1022 22.1083 22.1144 22.1204 22.1265
22.7691 22.8054 22.8418 22.86 22.8054 22.5326 22.2053 22.0234 21.8598 21.6961 21.5688 21.4597 21.3687 21.296 21.2414 21.1869 21.1323 21.0737 21.005 20.9525 20.9161 20.8959 20.8757 20.8373 20.7989 20.7787 20.7747 20.7726 20.7524 20.7302 20.7262 20.7403 20.7767 20.813 20.8494 20.8858 20.9201 20.9747 21.0454 21.1343 21.2435 21.3869 21.5668 21.7648 22.0719 22.2861 22.2821 22.2619 22.2417 22.2194 22.1972 22.177 22.1568 22.1386 22.1204 22.1043 22.0881 22.082 22.076 22.0719 22.0719 22.0719 22.0719 22.074 22.08 22.0861 22.0921 22.0982
22.7812 22.8176 22.8479 22.86 22.7873 22.5145 22.1871 22.0053 21.8416 21.6961 21.5688 21.4597 21.3687 21.296 21.2414 21.1869 21.1303 21.0616 20.9888 20.9323 20.8919 20.8696 20.8474 20.807 20.7666 20.7605 20.7383 20.7342 20.71 20.6878 20.6878 20.706 20.7423 20.7807 20.8151 20.8494 20.8858 20.9383 21.0091 21.1 21.2091 21.3526 21.5324 21.7466 22.0356 22.2498 22.2477 22.2255 22.2033 22.1831 22.1629 22.1386 22.1164 22.0962 22.08 22.0639 22.0558 22.0517 22.0497 22.0477 22.0477 22.0477 22.0497 22.0517 22.0558 22.0618 22.0679 22.074
22.7933 22.8297 22.8539 22.86 22.7691 22.4963 22.1689 21.9871 21.8234 21.6961 21.5688 21.4597 21.3687 21.296 21.2414 21.1869 21.1182 21.0434 20.9666 20.9242 20.8818 20.8575 20.8333 20.7908 20.7484 20.7403 20.7161 20.714 20.6958 20.6777 20.6777 20.6938 20.714 20.7484 20.7827 20.8191 20.8555 20.908 20.9808 21.0717 21.1788 21.3223 21.5021 21.7365 22.0053 22.2194 22.2154 22.1952 22.173 22.1507 22.1285 22.1083 22.0881 22.0659 22.0457 22.0335 22.0315 22.0295 22.0275 22.0275 22.0275 22.0275 22.0295 22.0315 22.0356 22.0416 22.0477 22.0537
22.8115 22.8418 22.86 22.86 22.7509 22.4781 22.1507 21.9689 21.8052 21.6779 21.5688 21.4597 21.3687 21.296 21.2414 21.1747 21.1 21.0394 20.9606 20.9161 20.8716 20.8454 20.8191 20.7747 20.7302 20.7241 20.706 20.706 20.6878 20.6696 20.6676 20.6857 20.7039 20.7383 20.7565 20.7928 20.8292 20.8838 20.9565 21.0454 21.1545 21.298 21.4779 21.7102 21.981 22.1912 22.1871 22.1629 22.1406 22.1204 22.1002 22.08 22.0578 22.0376 22.0214 22.0154 22.0113 22.0133 22.0113 22.0093 22.0093 22.0113 22.0133 22.0174 22.0214 22.0255 22.0315 22.0376
22.8297 22.8539 22.86 22.86 22.7327 22.4599 22.1326 21.9507 21.787 21.6597 21.5688 21.4597 21.3687 21.296 21.2313 21.1747 21.0959 21.0333 20.9525 20.906 20.8595 20.8312 20.8029 20.7605 20.7201 20.7161 20.6999 20.6999 20.6817 20.6615 20.6595 20.6756 20.6938 20.7282 20.7464 20.7827 20.8029 20.8575 20.9282 21.0151 21.1202 21.2596 21.4354 21.6658 21.9285 22.1386 22.1305 22.1063 22.08 22.0537 22.0295 22.0093 21.9911 21.977 21.9709 21.9709 21.9709 21.9749 21.977 21.979 21.983 21.9891 21.9951 22.0012 22.0053 22.0093 22.0154 22.0214
22.8418 22.86 22.86 22.8418 22.7145 22.4417 22.1144 21.9325 21.7688 21.6415 21.5506 21.4597 21.3687 21.3041 21.2333 21.1727 21.0919 21.0272 20.9444 20.8939 20.8434 20.813 20.7868 20.7443 20.7039 20.6979 20.6777 20.6736 20.6494 20.6251 20.6191 20.6312 20.6474 20.6797 20.6958 20.7302 20.7484 20.7969 20.8474 20.9343 21.0394 21.1788 21.3364 21.5647 21.8497 22.0598 22.0517 22.0275 22.0012 21.979 21.9568 21.9406 21.9244 21.9143 21.9143 21.9204 21.9244 21.9325 21.9365 21.9426 21.9527 21.9628 21.9729 21.983 21.9911 21.9992 22.0053 22.0113
22.8539 22.86 22.86 22.8418 22.6963 22.4235 22.0962 21.9143 21.7506 21.6233 21.5324 21.4415 21.3788 21.3101 21.2333 21.1707 21.0879 21.0192 20.9323 20.8777 20.8272 20.7989 20.7706 20.7262 20.6837 20.6736 20.6494 20.6393 20.611 20.5827 20.5726 20.5807 20.5928 20.6211 20.6352 20.6635 20.6756 20.7221 20.7706 20.8393 20.9424 21.0656 21.2232 21.4718 21.7567 21.9669 21.9608 21.9386 21.9163 21.9002 21.88 21.8678 21.8577 21.8557 21.8577 21.8638 21.8739 21.886 21.8941 21.9022 21.9163 21.9305 21.9446 21.9588 21.9709 21.983 21.9931 22.0032
22.86 22.86 22.86 22.8418 22.6781 22.4053 22.078 21.8961 21.7325 21.6052 21.5142 21.4354 21.3687 21.3122 21.2333 21.1667 21.0798 21.007 20.9161 20.8636 20.813 20.7807 20.7504 20.7019 20.6554 20.6413 20.613 20.5989 20.5665 20.5342 20.52 20.5241 20.5322 20.5524 20.5584 20.5827 20.5908 20.6352 20.6817 20.7484 20.8171 20.9383 21.098 21.3647 21.6496 21.8658 21.8618 21.8456 21.8274 21.8133 21.7991 21.789 21.787 21.7911 21.7991 21.8092 21.8193 21.8315 21.8436 21.8557 21.8739 21.8921 21.9103 21.9285 21.9446 21.9608 21.9749 21.9891
22.86 22.86 22.86 22.8418 22.66 22.3872 22.0598 21.8779 21.7143 21.587 21.5102 21.4273 21.3566 21.294 21.2293 21.1586 21.0677 20.9909 20.902 20.8474 20.7928 20.7565 20.7221 20.6716 20.6211 20.6029 20.5685 20.5504 20.514 20.4776 20.4594 20.4594 20.4574 20.4736 20.4756 20.4958 20.5019 20.5423 20.5867 20.6332 20.6999 20.8029 20.9606 21.2455 21.5365 21.7547 21.7567 21.7446 21.7304 21.7203 21.7102 21.7082 21.7143 21.7224 21.7345 21.7466 21.7607 21.7789 21.7911 21.8072 21.8274 21.8497 21.8719 21.8941 21.9143 21.9345 21.9527 21.9709
22.86 22.86 22.86 22.8418 22.6418 22.369 22.0416 21.8598 21.6961 21.5849 21.5041 21.4172 21.3404 21.2738 21.2051 21.1303 21.0535 20.9787 20.8858 20.8272 20.7686 20.7302 20.6918 20.6372 20.5827 20.5605 20.52 20.4978 20.4574 20.417 20.3948 20.3867 20.3826 20.3948 20.3927 20.4089 20.4109 20.4291 20.4695 20.514 20.5786 20.6797 20.8191 21.1263 21.4193 21.6435 21.6496 21.6415 21.6314 21.6274 21.6213 21.6274 21.6375 21.6496 21.6658 21.684 21.7021 21.7244 21.7405 21.7567 21.7789 21.8052 21.8315 21.8577 21.882 21.9062 21.9264 21.9487
22.86 22.86 22.86 22.8418 22.6236 22.3508 22.0234 21.8416 21.6779 21.5809 21.496 21.4031 21.3223 21.2515 21.1788 21.098 21.0212 20.9424 20.8656 20.8029 20.7403 20.6979 20.6575 20.5989 20.5403 20.512 20.4695 20.4433 20.3988 20.3544 20.324 20.3119 20.3038 20.3119 20.3059 20.2998 20.2978 20.3119 20.3483 20.3887 20.4513 20.5504 20.6756 21.003 21.3 21.5284 21.5385 21.5344 21.5324 21.5304 21.5324 21.5425 21.5587 21.5769 21.5971 21.6173 21.6375 21.6638 21.686 21.7062 21.7284 21.7567 21.787 21.8173 21.8436 21.8719 21.8982 21.9244
22.86 22.86 22.86 22.8418 22.6054 22.3326 22.0053 21.8234 21.6759 21.5748 21.4839 21.3869 21.3021 21.2273 21.1485 21.0677 20.9888 20.906 20.8252 20.7585 20.712 20.6655 20.6211 20.5584 20.4958 20.4635 20.417 20.3867 20.3382 20.2856 20.2513 20.2351 20.223 20.2089 20.1988 20.1887 20.1826 20.1927 20.225 20.2614 20.32 20.421 20.5483 20.8797 21.1808 21.4132 21.4273 21.4294 21.4294 21.4314 21.4415 21.4576 21.4779 21.5001 21.5223 21.5486 21.5748 21.6052 21.6314 21.6577 21.684 21.7102 21.7446 21.7789 21.8092 21.8416 21.8719 21.9022
22.86 22.86 22.86 22.8418 22.6054 22.3144 21.9871 21.8052 21.6718 21.5647 21.4698 21.3687 21.2798 21.199 21.1182 21.0353 20.9525 20.8676 20.7827 20.712 20.6615 20.613 20.5645 20.4978 20.4291 20.3927 20.3604 20.3079 20.2553 20.1988 20.1604 20.1402 20.124 20.1058 20.0917 20.0775 20.0674 20.0735 20.1018 20.1341 20.1887 20.2897 20.4372 20.7565 21.0596 21.296 21.3142 21.3182 21.3223 21.3344 21.3485 21.3687 21.393 21.4213 21.4516 21.4819 21.5122 21.5445 21.5748 21.6052 21.6355 21.6658 21.7021 21.7405 21.7749 21.8092 21.8436 21.8779
22.86 22.86 22.86 22.8418 22.6054 22.2962 21.9689 21.8032 21.6658 21.5546 21.4556 21.3505 21.2556 21.1727 21.0899 21.005 20.9181 20.8292 20.7403 20.6676 20.613 20.5605 20.5079 20.4372 20.3645 20.324 20.2877 20.2311 20.1705 20.1098 20.0674 20.0432 20.023 20.0007 19.9825 19.9644 19.9502 19.9522 19.9765 20.0048 20.0593 20.1624 20.3301 20.6514 20.9404 21.1808 21.203 21.2111 21.2212 21.2374 21.2556 21.2818 21.3122 21.3445 21.3788 21.4132 21.4475 21.4859 21.5203 21.5546 21.589 21.6233 21.6577 21.7001 21.7385 21.7769 21.8153 21.8537
22.86 22.86 22.86 22.8418 22.6054 22.2962 21.9507 21.7991 21.6577 21.5425 21.4395 21.3303 21.2313 21.1444 21.0596 20.9707 20.8818 20.7888 20.6958 20.6191 20.5605 20.5039 20.4473 20.3725 20.2958 20.2513 20.2109 20.1503 20.0856 20.0209 19.9745 19.9462 19.9219 19.8957 19.8734 19.8512 19.833 19.833 19.8532 19.8775 19.932 20.0533 20.221 20.5443 20.8211 21.0636 21.0899 21.102 21.1161 21.1364 21.1626 21.195 21.2273 21.2637 21.3041 21.3445 21.3829 21.4253 21.4617 21.5001 21.5385 21.5769 21.6153 21.6617 21.7042 21.7466 21.787 21.8295
22.86 22.86 22.86 22.8418 22.6054 22.2962 21.9487 21.7951 21.6496 21.5304 21.4233 21.3081 21.2071 21.1182 21.0313 20.9383 20.8454 20.7484 20.6514 20.5706 20.5079 20.4473 20.3685 20.3079 20.227 20.1786 20.1341 20.0654 19.9967 19.928 19.8775 19.8451 19.8168 19.7886 19.7623 19.736 19.7138 19.7098 19.7259 19.7502 19.8047 19.9442 20.1139 20.4392 20.7181 20.9464 20.9767 20.9949 21.0131 21.0394 21.0717 21.104 21.1444 21.1869 21.2313 21.2758 21.3202 21.3667 21.4071 21.4475 21.49 21.5324 21.5748 21.6193 21.6658 21.7123 21.7567 21.8032
22.86 22.86 22.86 22.8418 22.6054 22.2962 21.9648 21.789 21.6395 21.5162 21.4031 21.2859 21.1808 21.0899 20.9989 20.902 20.7868 20.6857 20.5847 20.4998 20.4332 20.3685 20.2856 20.221 20.1361 20.0836 20.0351 19.9644 19.8916 19.8371 19.7825 19.7461 19.7138 19.6815 19.6512 19.6208 19.5946 19.5865 19.6006 19.6249 19.6976 19.8371 20.0068 20.3321 20.613 20.8292 20.8636 20.8858 20.908 20.9404 20.9727 21.0151 21.0596 21.106 21.1566 21.2051 21.2536 21.3061 21.3505 21.395 21.4395 21.4859 21.5324 21.5809 21.6294 21.6819 21.7304 21.7789
22.86 22.86 22.86 22.8418 22.6054 22.2962 21.981 21.783 21.6294 21.5001 21.3849 21.2637 21.1566 21.0616 20.9484 20.8474 20.7302 20.6251 20.52 20.4311 20.3604 20.2917 20.2048 20.1361 20.0472 19.9906 19.934 19.8593 19.7825 19.7239 19.6653 19.6431 19.6067 19.5703 19.538 19.5036 19.4733 19.4612 19.4754 19.4996 19.5905 19.73 19.8997 20.227 20.5099 20.712 20.7504 20.7767 20.805 20.8393 20.8797 20.9262 20.9767 21.0272 21.0838 21.1384 21.1909 21.2475 21.298 21.3465 21.395 21.4435 21.494 21.5466 21.5951 21.6496 21.7021 21.7547
22.86 22.86 22.86 22.8418 22.6054 22.2962 21.9951 21.7931 21.6153 21.4839 21.3647 21.2394 21.1101 21.0111 20.8939 20.7908 20.6696 20.5605 20.4513 20.3584 20.2856 20.2129 20.122 20.0472 19.9543 19.8936 19.833 19.7542 19.6754 19.6128 19.5501 19.5239 19.4834 19.4612 19.4248 19.3864 19.3521 19.3359 19.3501 19.3945 19.4855 19.6249 19.7946 20.122 20.4049 20.5928 20.6372 20.6676 20.6999 20.7403 20.7848 20.8353 20.8898 20.9484 21.0091 21.0677 21.1263 21.1869 21.2414 21.296 21.3505 21.4031 21.4556 21.5082 21.5627 21.6213 21.6759 21.7325
