data/LOI200_lcprop.asc
ncols         504
nrows         401
xllcorner     347695.93724505
yllcorner     611191.17937377
cellsize      10
NODATA_value  -9999
[rows 224 to 251 of 401, columns 64 to 127 of 504]
0.0819411 0.0763723 0.0708035 0.0660302 0.061257 0.0572792 0.052506 0.0485282 0.0445505 0.0413683 0.0373906 0.0342084 0.0310263 0.0278441 0.0246619 0.0214797 0.0182975 0.0143198 0.0111376 0.00795545 0.00477327 0.00238663 0 0 0 0 0 0 0.000795545 0.00159109 0.00238663 0.00318218 0.00397772 0.00556881 0.00636436 0.0071599 0.00795545 0.00875099 0.0103421 0.0119332 0.0143198 0.0159109 0.0182975 0.0206842 0.0230708 0.0254574 0.0286396 0.0318218 0.0357995 0.0405728 0.0461416 0.0517104 0.0580748 0.0644391 0.0708035 0.0763723 0.0827367 0.089101 0.0954654 0.10183 0.108194 0.112967 0.11615 0.118536
0.105012 0.0986476 0.0930788 0.0875099 0.0819411 0.0771679 0.0723946 0.0676213 0.0628481 0.0580748 0.0540971 0.0493238 0.0453461 0.0413683 0.0373906 0.0334129 0.0294352 0.0254574 0.0214797 0.017502 0.0127287 0.00875099 0.00556881 0.00238663 0 0 0.000795545 0.00238663 0.00477327 0.00636436 0.0071599 0.00875099 0.0103421 0.0127287 0.0143198 0.0159109 0.0182975 0.0206842 0.0238663 0.0270485 0.0294352 0.0326173 0.0357995 0.0381862 0.0405728 0.043755 0.0469372 0.0509149 0.0556881 0.0604614 0.0660302 0.0723946 0.0787589 0.0851233 0.0914877 0.097852 0.105012 0.111376 0.117741 0.124105 0.130469 0.135243 0.138425 0.140811
0.129674 0.123309 0.11615 0.109785 0.104216 0.0986476 0.0930788 0.0875099 0.0827367 0.0771679 0.071599 0.0668258 0.0620525 0.0580748 0.0533015 0.0485282 0.043755 0.0389817 0.0342084 0.0294352 0.0246619 0.0198886 0.0151154 0.0127287 0.00954654 0.0071599 0.00636436 0.00875099 0.0111376 0.0135243 0.0151154 0.017502 0.0206842 0.0230708 0.026253 0.0286396 0.0310263 0.035004 0.0389817 0.0429594 0.0469372 0.0509149 0.0540971 0.0572792 0.061257 0.0644391 0.0684169 0.0723946 0.0771679 0.0827367 0.0883055 0.0946698 0.101034 0.107399 0.113763 0.120923 0.128083 0.135243 0.142403 0.148767 0.154336 0.158313 0.161496 0.163882
0.155927 0.147971 0.140811 0.134447 0.127287 0.120923 0.115354 0.10899 0.102625 0.0970565 0.0914877 0.0867144 0.0811456 0.0755768 0.0708035 0.0660302 0.0604614 0.0556881 0.0509149 0.0461416 0.0421639 0.0381862 0.0342084 0.0310263 0.0278441 0.0254574 0.0238663 0.0230708 0.0238663 0.0270485 0.0286396 0.0310263 0.0342084 0.0373906 0.0405728 0.043755 0.0477327 0.0517104 0.0556881 0.0604614 0.0652347 0.070008 0.0739857 0.0787589 0.0827367 0.0867144 0.0914877 0.0962609 0.101034 0.106603 0.112967 0.119332 0.125696 0.13206 0.138425 0.145585 0.152745 0.159905 0.167064 0.174224 0.178998 0.18218 0.185362 0.186953
0.18218 0.174224 0.167064 0.159109 0.151949 0.144789 0.137629 0.131265 0.124901 0.119332 0.112967 0.106603 0.101034 0.0954654 0.0898966 0.0851233 0.08035 0.0755768 0.071599 0.0676213 0.0628481 0.0596659 0.0556881 0.052506 0.0493238 0.0469372 0.0453461 0.043755 0.0429594 0.0429594 0.043755 0.0469372 0.0509149 0.0540971 0.0572792 0.061257 0.0652347 0.070008 0.0755768 0.08035 0.0851233 0.0898966 0.0946698 0.100239 0.105012 0.110581 0.115354 0.120923 0.126492 0.13206 0.138425 0.144789 0.151154 0.157518 0.164678 0.171838 0.178998 0.186158 0.193317 0.199682 0.204455 0.207637 0.210024 0.210819
0.209228 0.201273 0.193317 0.185362 0.177407 0.169451 0.162291 0.155927 0.148767 0.141607 0.135243 0.128878 0.122514 0.116945 0.111376 0.106603 0.102625 0.0986476 0.0938743 0.089101 0.0851233 0.0819411 0.0787589 0.0755768 0.0723946 0.070008 0.0684169 0.0668258 0.0652347 0.0644391 0.0636436 0.0660302 0.0692124 0.0731901 0.0771679 0.0811456 0.0851233 0.0898966 0.0954654 0.101034 0.106603 0.111376 0.116945 0.122514 0.128083 0.134447 0.140811 0.14638 0.152745 0.159109 0.165473 0.171838 0.178202 0.184566 0.191726 0.198886 0.206046 0.213206 0.220366 0.225935 0.229912 0.23389 0.235481 0.235481
0.237072 0.228321 0.220366 0.211615 0.20366 0.195704 0.188544 0.180589 0.173429 0.166269 0.159109 0.152745 0.14638 0.140811 0.135243 0.131265 0.127287 0.122514 0.116945 0.112967 0.109785 0.106603 0.103421 0.100239 0.0970565 0.0938743 0.0922832 0.0906921 0.089101 0.0883055 0.0875099 0.0883055 0.0914877 0.0938743 0.097852 0.102625 0.106603 0.112172 0.117741 0.123309 0.128878 0.134447 0.140016 0.145585 0.152745 0.159109 0.166269 0.173429 0.179793 0.186953 0.193317 0.199682 0.206046 0.212411 0.21957 0.22673 0.23389 0.24105 0.24821 0.252983 0.256961 0.260143 0.261734 0.260939
0.264916 0.256165 0.247414 0.238663 0.230708 0.222753 0.214797 0.206842 0.199682 0.191726 0.184566 0.178202 0.171838 0.166269 0.161496 0.156722 0.151949 0.14638 0.141607 0.138425 0.135243 0.13206 0.128878 0.125696 0.122514 0.119332 0.117741 0.11615 0.114558 0.112967 0.112172 0.112967 0.114558 0.117741 0.120923 0.124901 0.129674 0.135243 0.140811 0.14638 0.151949 0.158313 0.164678 0.170247 0.177407 0.185362 0.192522 0.200477 0.207637 0.214797 0.221957 0.228321 0.234686 0.24105 0.24821 0.25537 0.26253 0.26969 0.27685 0.280827 0.284805 0.287192 0.287987 0.284805
0.293556 0.28401 0.275259 0.266508 0.258552 0.249801 0.241846 0.23389 0.225935 0.218775 0.211615 0.205251 0.198886 0.193317 0.188544 0.182975 0.177407 0.171838 0.16786 0.164678 0.161496 0.158313 0.155131 0.151949 0.148767 0.145585 0.143198 0.141607 0.140016 0.13922 0.138425 0.138425 0.140016 0.142403 0.145585 0.148767 0.15354 0.159905 0.165473 0.171042 0.176611 0.182975 0.18934 0.1965 0.20366 0.211615 0.21957 0.227526 0.235481 0.243437 0.250597 0.256961 0.263325 0.26969 0.27685 0.28401 0.291169 0.298329 0.305489 0.309467 0.312649 0.31424 0.312649 0.309467
0.322991 0.313445 0.303898 0.295147 0.286396 0.277645 0.26969 0.260939 0.253779 0.246619 0.239459 0.233095 0.227526 0.221957 0.216388 0.210024 0.202864 0.198886 0.194909 0.191726 0.188544 0.185362 0.18218 0.178998 0.175815 0.172633 0.170247 0.168656 0.167064 0.166269 0.164678 0.164678 0.167064 0.168656 0.171838 0.17502 0.178998 0.184566 0.190931 0.1965 0.202864 0.209228 0.215593 0.222753 0.230708 0.238663 0.246619 0.25537 0.263325 0.272076 0.279236 0.286396 0.292761 0.299125 0.306285 0.313445 0.320605 0.327765 0.334924 0.338902 0.341289 0.341289 0.338107 0.334129
0.351631 0.342084 0.333333 0.324582 0.315036 0.306285 0.297534 0.289578 0.282418 0.275259 0.268099 0.261734 0.256165 0.250597 0.244232 0.237072 0.230708 0.22673 0.222753 0.21957 0.216388 0.213206 0.210024 0.206842 0.20366 0.200477 0.198091 0.195704 0.194909 0.194113 0.192522 0.192522 0.194113 0.195704 0.198091 0.202068 0.206046 0.211615 0.217184 0.223548 0.229912 0.236277 0.242641 0.249801 0.257757 0.265712 0.273667 0.283214 0.291965 0.300716 0.308671 0.315831 0.322196 0.329356 0.336516 0.343675 0.350835 0.357995 0.36436 0.368337 0.369928 0.367542 0.363564 0.358791
0.381066 0.371519 0.362768 0.353222 0.344471 0.33572 0.326173 0.318218 0.311058 0.303898 0.296738 0.291169 0.285601 0.279236 0.272076 0.264121 0.259348 0.25537 0.251392 0.24821 0.245028 0.241846 0.238663 0.235481 0.232299 0.229117 0.22673 0.224344 0.223548 0.222753 0.221161 0.221161 0.222753 0.224344 0.225935 0.229912 0.23389 0.238663 0.244232 0.250597 0.256961 0.263325 0.26969 0.27685 0.284805 0.293556 0.301512 0.311058 0.3214 0.330151 0.338902 0.346062 0.353222 0.359586 0.366746 0.373906 0.381066 0.388226 0.39459 0.398568 0.398568 0.39459 0.389817 0.385044
0.410501 0.400955 0.392204 0.382657 0.373906 0.36436 0.356404 0.348449 0.340493 0.333333 0.326173 0.320605 0.315036 0.307876 0.29992 0.292761 0.287987 0.28401 0.280032 0.27685 0.273667 0.270485 0.267303 0.264121 0.260939 0.257757 0.25537 0.253779 0.252983 0.251392 0.250597 0.250597 0.252188 0.252983 0.254574 0.257757 0.261734 0.266508 0.272076 0.277645 0.284805 0.291169 0.297534 0.304694 0.312649 0.3214 0.330151 0.339698 0.35004 0.359586 0.368337 0.376293 0.383453 0.389817 0.396977 0.404137 0.411297 0.418457 0.424821 0.428799 0.426412 0.421639 0.416866 0.411297
0.440732 0.431185 0.421639 0.412092 0.403341 0.393795 0.385839 0.377884 0.370724 0.363564 0.3572 0.350835 0.344471 0.336516 0.327765 0.322196 0.317422 0.313445 0.309467 0.306285 0.303103 0.29992 0.296738 0.292761 0.289578 0.286396 0.28401 0.282418 0.281623 0.280032 0.279236 0.279236 0.280827 0.281623 0.283214 0.285601 0.290374 0.295147 0.29992 0.305489 0.312649 0.319014 0.325378 0.332538 0.341289 0.35004 0.358791 0.368337 0.378679 0.389021 0.397772 0.406523 0.413683 0.420843 0.428003 0.435163 0.442323 0.449483 0.455847 0.459029 0.455052 0.450278 0.44471 0.438345
0.470963 0.461416 0.45187 0.442323 0.432776 0.424025 0.41607 0.408115 0.400955 0.393795 0.38743 0.381862 0.374702 0.365951 0.3572 0.351631 0.346858 0.34288 0.338902 0.33572 0.332538 0.32856 0.325378 0.3214 0.318218 0.315036 0.312649 0.311058 0.310263 0.308671 0.307876 0.307876 0.309467 0.310263 0.311854 0.31424 0.318218 0.322991 0.32856 0.334129 0.340493 0.347653 0.354813 0.361973 0.369928 0.378679 0.38743 0.396977 0.407319 0.418457 0.428003 0.436754 0.44471 0.45187 0.459029 0.466189 0.473349 0.480509 0.487669 0.488465 0.483691 0.478918 0.472554 0.465394
0.501989 0.491647 0.4821 0.472554 0.463007 0.454256 0.446301 0.438345 0.431185 0.424821 0.418457 0.412092 0.404137 0.39459 0.38743 0.381862 0.377088 0.372315 0.368337 0.36436 0.361177 0.3572 0.354018 0.35004 0.346858 0.343675 0.341289 0.339698 0.338902 0.337311 0.336516 0.336516 0.338107 0.338902 0.340493 0.34288 0.346858 0.351631 0.3572 0.362768 0.369928 0.377088 0.383453 0.390613 0.398568 0.407319 0.41607 0.426412 0.436754 0.447892 0.458234 0.466985 0.475736 0.482896 0.490056 0.497216 0.504375 0.511535 0.5179 0.5179 0.513126 0.507558 0.500398 0.493238
0.53222 0.522673 0.513126 0.502784 0.494033 0.485282 0.477327 0.469372 0.462212 0.455847 0.449483 0.442323 0.433572 0.424025 0.416866 0.411297 0.406523 0.40175 0.397772 0.393795 0.390613 0.386635 0.383453 0.379475 0.376293 0.373111 0.370724 0.369133 0.367542 0.365951 0.365155 0.365155 0.366746 0.367542 0.369928 0.372315 0.376293 0.381066 0.386635 0.391408 0.398568 0.404932 0.412888 0.420048 0.428003 0.436754 0.445505 0.455847 0.466189 0.477327 0.488465 0.498011 0.506762 0.513922 0.521082 0.528242 0.535402 0.542562 0.54813 0.547335 0.542562 0.536197 0.529037 0.521082
0.56245 0.552904 0.543357 0.533811 0.52506 0.516309 0.508353 0.500398 0.493238 0.486874 0.480509 0.472554 0.463007 0.453461 0.446301 0.440732 0.435163 0.43039 0.426412 0.422434 0.419252 0.415274 0.412092 0.408115 0.404932 0.40175 0.399364 0.397772 0.396977 0.395386 0.395386 0.395386 0.396181 0.396977 0.398568 0.400955 0.404932 0.409706 0.415274 0.420048 0.427208 0.433572 0.441527 0.449483 0.457438 0.466189 0.47494 0.485282 0.495625 0.506762 0.518695 0.529037 0.537788 0.544948 0.551313 0.558473 0.565632 0.572792 0.577566 0.577566 0.571997 0.564837 0.557677 0.549722
0.59109 0.583134 0.573588 0.564041 0.55529 0.547335 0.539379 0.531424 0.524264 0.5179 0.511535 0.502784 0.492442 0.482896 0.475736 0.469372 0.463803 0.459029 0.455052 0.451074 0.447892 0.443914 0.440732 0.436754 0.433572 0.43039 0.428799 0.427208 0.426412 0.424821 0.424025 0.424025 0.425617 0.426412 0.427208 0.429594 0.433572 0.438345 0.443914 0.448687 0.455847 0.462212 0.470167 0.478123 0.486874 0.495625 0.504375 0.514718 0.52506 0.535402 0.54813 0.559268 0.568019 0.575179 0.581543 0.588703 0.595863 0.603023 0.607001 0.607796 0.601432 0.594272 0.586317 0.578361
0.610979 0.607001 0.602228 0.594272 0.585521 0.577566 0.56961 0.56245 0.55529 0.548926 0.542562 0.533015 0.521877 0.512331 0.505171 0.498807 0.493238 0.488465 0.484487 0.480509 0.477327 0.473349 0.470167 0.466189 0.463007 0.459825 0.457438 0.455847 0.455052 0.453461 0.452665 0.452665 0.454256 0.455052 0.456643 0.459029 0.462212 0.466985 0.472554 0.477327 0.484487 0.490851 0.498807 0.506762 0.515513 0.52506 0.533811 0.543357 0.553699 0.564041 0.577566 0.589499 0.59825 0.60541 0.61257 0.618934 0.626094 0.633254 0.637232 0.638027 0.631663 0.624503 0.616547 0.607796
0.627685 0.623707 0.620525 0.615752 0.61257 0.606205 0.599045 0.592681 0.585521 0.579157 0.573588 0.563246 0.551313 0.541766 0.533811 0.527446 0.521877 0.517104 0.513126 0.509149 0.505967 0.501989 0.498807 0.494829 0.491647 0.488465 0.486078 0.484487 0.483691 0.4821 0.481305 0.481305 0.482896 0.483691 0.485282 0.487669 0.491647 0.495625 0.501193 0.505967 0.513126 0.519491 0.527446 0.535402 0.544153 0.552904 0.56245 0.571997 0.582339 0.592681 0.606205 0.618934 0.627685 0.63564 0.642005 0.648369 0.655529 0.662689 0.665871 0.667462 0.661893 0.653938 0.645982 0.637232
0.640414 0.638027 0.63564 0.632458 0.630072 0.626889 0.622912 0.618138 0.613365 0.609387 0.603819 0.592681 0.579952 0.570406 0.56245 0.556086 0.550517 0.545744 0.541766 0.537788 0.534606 0.530628 0.527446 0.523469 0.520286 0.517104 0.514718 0.513126 0.512331 0.51074 0.509944 0.509944 0.511535 0.512331 0.513922 0.516309 0.520286 0.52506 0.530628 0.535402 0.541766 0.54813 0.556086 0.563246 0.571997 0.580748 0.59109 0.600636 0.610979 0.621321 0.634845 0.648369 0.65712 0.665076 0.67144 0.677804 0.684169 0.690533 0.694511 0.695306 0.691329 0.684169 0.675418 0.666667
0.650756 0.649165 0.645982 0.645187 0.643596 0.642005 0.640414 0.637232 0.633254 0.630867 0.626889 0.617343 0.60541 0.595863 0.588703 0.583134 0.578361 0.573588 0.56961 0.565632 0.56245 0.558473 0.55529 0.551313 0.54813 0.544948 0.542562 0.540971 0.540175 0.539379 0.538584 0.538584 0.540175 0.540971 0.542562 0.544948 0.548926 0.553699 0.559268 0.564041 0.570406 0.57677 0.58393 0.591885 0.600636 0.609387 0.618934 0.629276 0.638823 0.649165 0.663484 0.677009 0.686555 0.693715 0.70008 0.706444 0.712808 0.719173 0.72315 0.723946 0.720764 0.714399 0.705648 0.696102
0.658711 0.657916 0.656325 0.654733 0.653938 0.653142 0.651551 0.64996 0.646778 0.644391 0.641209 0.630867 0.618934 0.610979 0.604614 0.599045 0.595068 0.59109 0.587112 0.583134 0.579952 0.575975 0.572792 0.56961 0.567224 0.564837 0.563246 0.563246 0.563246 0.563246 0.563246 0.564041 0.565632 0.567224 0.570406 0.572792 0.57677 0.581543 0.587112 0.591885 0.59825 0.604614 0.61257 0.61973 0.627685 0.636436 0.645982 0.65712 0.666667 0.676213 0.691329 0.705648 0.715195 0.722355 0.728719 0.735084 0.741448 0.747017 0.750994 0.75179 0.749403 0.743835 0.735879 0.726333
0.665076 0.66428 0.66428 0.662689 0.661893 0.661098 0.660302 0.658711 0.65712 0.655529 0.652347 0.641209 0.628481 0.620525 0.614956 0.610979 0.607796 0.603819 0.600636 0.597454 0.594272 0.59109 0.588703 0.586317 0.584726 0.583134 0.581543 0.581543 0.582339 0.583134 0.58393 0.585521 0.587908 0.590294 0.593477 0.596659 0.601432 0.607001 0.613365 0.618934 0.626094 0.631663 0.639618 0.646778 0.654733 0.663484 0.673031 0.683373 0.693715 0.703262 0.719173 0.734288 0.743039 0.750199 0.756563 0.762928 0.769292 0.774861 0.778043 0.778839 0.777247 0.77327 0.765314 0.756563
0.669053 0.669053 0.669053 0.667462 0.667462 0.667462 0.666667 0.665076 0.66428 0.662689 0.660302 0.648369 0.63564 0.627685 0.622116 0.618934 0.615752 0.61257 0.609387 0.607001 0.60541 0.603819 0.602228 0.600636 0.599045 0.597454 0.597454 0.597454 0.59825 0.599045 0.599841 0.601432 0.604614 0.608592 0.61257 0.616547 0.621321 0.627685 0.634049 0.640414 0.647574 0.654733 0.665076 0.673031 0.681782 0.689737 0.699284 0.709626 0.720764 0.73031 0.746221 0.762132 0.770883 0.777247 0.783612 0.789976 0.79634 0.802705 0.805091 0.805091 0.804296 0.801114 0.794749 0.785998
0.670644 0.670644 0.670644 0.670644 0.670644 0.670644 0.669849 0.669849 0.669053 0.668258 0.665076 0.652347 0.638823 0.631663 0.626889 0.622912 0.620525 0.618138 0.616547 0.614956 0.614161 0.613365 0.61257 0.610979 0.610183 0.609387 0.609387 0.609387 0.610183 0.610979 0.613365 0.615752 0.618138 0.622116 0.626094 0.630867 0.636436 0.643596 0.650756 0.657916 0.665871 0.673827 0.682578 0.692124 0.702466 0.712013 0.72315 0.735084 0.746221 0.756563 0.77327 0.789181 0.797932 0.8035 0.809069 0.815434 0.821798 0.828162 0.830549 0.830549 0.829753 0.827367 0.822593 0.813842
0.670644 0.670644 0.67144 0.67144 0.67144 0.67144 0.672235 0.672235 0.67144 0.67144 0.668258 0.655529 0.641209 0.634049 0.628481 0.624503 0.622912 0.622116 0.621321 0.621321 0.620525 0.61973 0.61973 0.61973 0.618934 0.618934 0.618934 0.618934 0.61973 0.621321 0.623707 0.626094 0.629276 0.633254 0.638027 0.643596 0.64996 0.656325 0.663484 0.670644 0.6786 0.687351 0.696897 0.706444 0.716786 0.727924 0.739857 0.752586 0.765314 0.778043 0.797136 0.814638 0.822593 0.828958 0.834527 0.840095 0.84646 0.852824 0.855211 0.855211 0.85362 0.849642 0.843278 0.832936
