data/LOI200_Meandbh_cm.asc
ncols         504
nrows         401
xllcorner     347695.93724505
yllcorner     611191.17937377
cellsize      10
NODATA_value  -9999
[rows 210 to 239 of 401, columns 204 to 271 of 504]
19.4087 19.3804 19.3541 19.3319 19.3218 19.3157 19.3137 19.3157 19.3218 19.3299 19.34 19.3582 19.3784 19.3986 19.4309 19.4653 19.5036 19.5461 19.5885 19.633 19.6774 19.7219 19.7724 19.8229 19.8754 19.93 19.9866 20.0452 20.1098 20.1624 20.2028 20.2169 20.2129 20.2008 20.1583 20.1179 20.0634 19.9967 19.928 19.8391 19.732 19.6006 19.4733 19.3218 19.1601 18.9803 18.7782 18.5519 18.3296 18.1053 17.8527 17.6082 17.3496 17.095 16.8384 16.5696 16.3069 16.0321 15.7553 15.4825 15.1976 14.9147 14.6318 14.3549 14.0741 13.7932 13.5123 13.2274
19.4693 19.443 19.4147 19.3905 19.3784 19.3723 19.3683 19.3723 19.3804 19.3885 19.4087 19.4269 19.445 19.4632 19.4834 19.5158 19.5501 19.5865 19.6289 19.6734 19.7178 19.7623 19.8088 19.8552 19.9098 19.9644 20.0209 20.0795 20.1402 20.1887 20.2291 20.2432 20.2594 20.2452 20.2149 20.1745 20.1179 20.0512 19.9745 19.8775 19.7603 19.6249 19.4855 19.3258 19.1621 18.9884 18.8045 18.5863 18.366 18.1377 17.8932 17.6507 17.3961 17.1415 16.8768 16.61 16.3433 16.0644 15.7876 15.4986 15.2097 14.9228 14.6358 14.3509 14.066 13.777 13.4881 13.2032
19.5299 19.5016 19.4754 19.4511 19.4329 19.4269 19.4228 19.4269 19.439 19.4572 19.4754 19.4935 19.5097 19.5259 19.542 19.5643 19.5946 19.6289 19.6673 19.7057 19.7502 19.7946 19.8411 19.8876 19.9381 19.9906 20.0472 20.1058 20.1664 20.2149 20.2513 20.2755 20.2877 20.2755 20.2634 20.221 20.1684 20.0876 19.9886 19.8815 19.7724 19.635 19.4895 19.3319 19.1702 18.9965 18.8186 18.6085 18.4044 18.1781 17.9518 17.6972 17.4466 17.194 16.9293 16.6626 16.3837 16.1028 15.822 15.529 15.24 14.949 14.658 14.365 14.072 13.7831 13.4941 13.2052
19.5865 19.5602 19.536 19.5137 19.4956 19.4834 19.4794 19.4875 19.5057 19.5239 19.54 19.5562 19.5723 19.5865 19.6006 19.6148 19.639 19.6673 19.6996 19.738 19.7785 19.8189 19.8633 19.9118 19.9623 20.0149 20.0694 20.124 20.1806 20.225 20.2594 20.2675 20.2675 20.2533 20.2129 20.1563 20.0917 20.0028 19.8977 19.7805 19.6491 19.5016 19.3582 19.2147 19.0692 18.9096 18.7418 18.5559 18.3599 18.1498 17.9376 17.7254 17.487 17.2344 16.9798 16.7131 16.4342 16.1533 15.8604 15.5674 15.2723 14.9733 14.6782 14.3853 14.0923 13.7993 13.5063 13.2133
19.6471 19.6229 19.5986 19.5764 19.5582 19.5461 19.5441 19.5542 19.5703 19.5865 19.6027 19.6168 19.6309 19.6431 19.6572 19.6714 19.6855 19.7098 19.736 19.7684 19.8027 19.8431 19.8835 19.928 19.9745 20.023 20.0735 20.126 20.1583 20.1887 20.2068 20.1988 20.1927 20.1503 20.1018 20.0351 19.9502 19.8512 19.738 19.6107 19.4935 19.3723 19.2228 19.0652 18.9096 18.7641 18.6105 18.4408 18.269 18.071 17.8709 17.6588 17.4446 17.2041 16.9657 16.7232 16.4625 16.1938 15.9008 15.6078 15.3127 15.0177 14.7207 14.4236 14.1266 13.8296 13.5325 13.2254
19.7098 19.6835 19.6613 19.6411 19.6269 19.6148 19.6128 19.6208 19.633 19.6471 19.6613 19.6734 19.6855 19.6976 19.7098 19.7219 19.736 19.7502 19.7724 19.7987 19.829 19.8633 19.9017 19.9401 19.9825 20.029 20.0512 20.0674 20.0816 20.0957 20.0977 20.0997 20.0654 20.0129 19.9583 19.8734 19.7744 19.6613 19.5602 19.4309 19.3097 19.1743 19.0369 18.8934 18.7378 18.5782 18.4105 18.2387 18.0669 17.8932 17.7052 17.5052 17.3031 17.0869 16.8565 16.6141 16.3696 16.1129 15.8563 15.5855 15.3026 15.0076 14.6985 14.3893 14.0801 13.7588 13.4375 13.1446
19.7744 19.7502 19.73 19.7138 19.7017 19.6916 19.6815 19.6875 19.6936 19.7057 19.7158 19.7279 19.738 19.7481 19.7603 19.7724 19.7845 19.7966 19.8108 19.831 19.8573 19.8856 19.9179 19.9543 19.9684 19.9724 19.9704 19.9664 19.9664 19.9664 19.9664 19.9361 19.8916 19.8492 19.7764 19.6794 19.5905 19.4754 19.3582 19.241 19.1056 18.9682 18.8409 18.6994 18.5398 18.3801 18.1963 18.0245 17.8507 17.6769 17.5032 17.3011 17.099 16.8828 16.6666 16.4362 16.1917 15.9351 15.6785 15.4077 15.1369 14.852 14.555 14.2458 13.9245 13.6032 13.284 12.993
19.8391 19.8189 19.8027 19.7865 19.7764 19.7663 19.7562 19.7502 19.7542 19.7623 19.7704 19.7785 19.7865 19.7966 19.8067 19.8168 19.829 19.8411 19.8532 19.8653 19.8815 19.9058 19.9219 19.9179 19.9058 19.8815 19.8613 19.8431 19.8249 19.8088 19.7764 19.7441 19.7098 19.6491 19.5622 19.4875 19.3844 19.2672 19.15 19.0288 18.9055 18.7661 18.6246 18.4691 18.3236 18.1579 17.9861 17.8123 17.6264 17.4405 17.2647 17.0768 16.8869 16.6706 16.4544 16.2241 15.9937 15.7391 15.4683 15.1976 14.9268 14.6419 14.3448 14.0478 13.7386 13.4173 13.1122 12.8495
19.9118 19.8936 19.8754 19.8613 19.8512 19.8411 19.829 19.8189 19.8148 19.8148 19.8209 19.827 19.833 19.8411 19.8492 19.8593 19.8694 19.8795 19.8896 19.8997 19.9118 19.9017 19.8775 19.8431 19.8007 19.7623 19.7239 19.6895 19.6552 19.6107 19.5744 19.538 19.4895 19.4147 19.3501 19.2612 19.1581 19.051 18.9439 18.8085 18.6832 18.5438 18.3902 18.2427 18.0952 17.9275 17.7679 17.582 17.4082 17.2203 17.0202 16.8303 16.6403 16.4383 16.2342 15.9917 15.7492 15.4946 15.238 14.9814 14.6964 14.4115 14.1266 13.8296 13.5204 13.2133 12.9627 12.7263
19.9704 19.9644 19.9482 19.934 19.9239 19.9138 19.9017 19.8876 19.8754 19.8674 19.8674 19.8714 19.8775 19.8835 19.8896 19.8977 19.9058 19.9138 19.9219 19.932 19.9058 19.8593 19.7987 19.734 19.6734 19.6168 19.5643 19.5137 19.4511 19.3986 19.3501 19.2996 19.2349 19.1824 19.1056 19.0146 18.9217 18.8267 18.7035 18.5923 18.4529 18.2993 18.17 18.0245 17.8588 17.687 17.5153 17.3435 17.1698 16.9818 16.7919 16.5898 16.3877 16.1837 15.9674 15.7391 15.5108 15.2541 14.9975 14.7288 14.458 14.1872 13.9165 13.6336 13.3385 13.1284 12.9061 12.7101
20.0068 20.025 20.0209 20.0068 19.9947 19.9825 19.9684 19.9522 19.9361 19.9239 19.9159 19.9159 19.9179 19.9219 19.928 19.934 19.9401 19.9462 19.9543 19.9138 19.8512 19.7785 19.6936 19.6087 19.5279 19.4531 19.3824 19.3016 19.2349 19.1682 19.1015 19.0389 18.9863 18.9176 18.8388 18.758 18.6752 18.566 18.4691 18.3418 18.2023 18.0871 17.9396 17.78 17.6244 17.4547 17.2809 17.095 16.9212 16.7333 16.5575 16.3554 16.1513 15.9351 15.7068 15.4784 15.2481 15.0056 14.751 14.4944 14.2377 13.9811 13.7124 13.4578 13.288 13.1062 12.9243 12.7424
19.9906 20.0331 20.0533 20.0634 20.0614 20.0472 20.029 20.0108 19.9926 19.9785 19.9664 19.9603 19.9583 19.9583 19.9603 19.9644 19.9704 19.9765 19.9219 19.8573 19.7704 19.6714 19.5723 19.4754 19.3784 19.2834 19.1803 19.0955 19.0106 18.9298 18.8489 18.7681 18.7014 18.6347 18.564 18.4933 18.3943 18.3094 18.1963 18.071 17.9679 17.8366 17.6911 17.5537 17.3819 17.2102 17.0384 16.8646 16.6888 16.5009 16.313 16.123 15.921 15.7189 15.5047 15.2885 15.0602 14.8056 14.5631 14.3206 14.0781 13.8639 13.6517 13.482 13.3123 13.1304 12.9728 12.8152
19.9239 20.0028 20.0472 20.0674 20.0836 20.0876 20.0816 20.0634 20.0452 20.029 20.0169 20.0048 19.9967 19.9947 19.9947 19.9967 20.0007 19.9462 19.8674 19.7643 19.6512 19.54 19.4289 19.3177 19.2086 19.0874 18.9803 18.8732 18.7701 18.6711 18.5761 18.4933 18.4084 18.3397 18.267 18.1922 18.1195 18.0184 17.9053 17.8164 17.6992 17.5678 17.4567 17.3132 17.1677 17.0202 16.8586 16.6848 16.5231 16.3352 16.1594 15.9715 15.7836 15.5835 15.3794 15.1652 14.9389 14.6985 14.458 14.2317 14.0195 13.8215 13.6517 13.482 13.3365 13.2153 13.0819 12.9364
19.7542 19.8815 19.9664 20.0068 20.0351 20.0634 20.0937 20.0997 20.0937 20.0755 20.0614 20.0492 20.0391 20.031 20.029 20.031 19.9724 19.8795 19.7764 19.6491 19.5218 19.3965 19.2612 19.1379 19.0146 18.8934 18.7722 18.6509 18.5317 18.4125 18.2973 18.1983 18.1114 18.0245 17.9497 17.8871 17.8103 17.7214 17.6325 17.5274 17.4223 17.3253 17.2102 17.0889 16.9677 16.8323 16.6727 16.5231 16.3736 16.2119 16.0503 15.8644 15.6744 15.4865 15.3107 15.1107 14.8965 14.658 14.4216 14.2115 14.0155 13.8215 13.6639 13.5426 13.4335 13.3244 13.191 13.094
19.5319 19.6794 19.8168 19.8835 19.926 19.9785 20.0209 20.0654 20.1098 20.1179 20.1038 20.0917 20.0816 20.0735 20.0674 20.0028 19.8835 19.7542 19.6128 19.4733 19.3339 19.1945 19.0571 18.9217 18.7863 18.6509 18.5155 18.3822 18.2488 18.1296 18.0205 17.9113 17.8063 17.7032 17.6244 17.5476 17.4729 17.4062 17.3375 17.2566 17.1839 17.0808 16.9879 16.8929 16.7717 16.6363 16.513 16.3776 16.2423 16.1069 15.9452 15.7694 15.6078 15.434 15.2582 15.0703 14.8702 14.6601 14.4641 14.2579 14.0882 13.9306 13.7851 13.6517 13.5184 13.4335 13.3365 13.2274
19.2591 19.4228 19.5764 19.7057 19.7744 19.831 19.8856 19.9442 20.0149 20.0735 20.12 20.1078 20.0856 20.0654 19.9745 19.8371 19.6875 19.542 19.3885 19.2349 19.0833 18.9318 18.7802 18.6449 18.5074 18.37 18.2347 18.0993 17.9659 17.8325 17.7113 17.6022 17.4931 17.3961 17.2991 17.2061 17.1374 17.0687 17.0243 16.9899 16.9232 16.8545 16.7717 16.6747 16.5656 16.4686 16.3473 16.2382 16.1271 16.0038 15.8422 15.7068 15.5572 15.3956 15.2339 15.048 14.8763 14.6944 14.5368 14.4034 14.2579 14.1246 13.9912 13.8579 13.7245 13.5911 13.4699 13.3729
18.9581 19.1278 19.2975 19.4653 19.5723 19.6431 19.7138 19.7825 19.8431 19.9037 19.9522 20.0007 20.0028 19.9219 19.8067 19.6451 19.4834 19.3117 19.1419 18.9742 18.8085 18.6449 18.4933 18.3418 18.1922 18.0548 17.9174 17.782 17.6466 17.5234 17.4021 17.2809 17.1596 17.0606 16.9636 16.8788 16.804 16.7434 16.705 16.6626 16.6424 16.6221 16.5615 16.4888 16.4039 16.3069 16.2099 16.1251 16.0281 15.8927 15.7815 15.6462 15.5108 15.3875 15.24 15.0824 14.949 14.8278 14.7187 14.5974 14.4883 14.3671 14.2337 14.1125 13.9912 13.8457 13.7124 13.6032
18.6347 18.8267 19.0005 19.1844 19.342 19.4269 19.4996 19.5602 19.6188 19.6693 19.7077 19.7582 19.7481 19.6794 19.5643 19.4248 19.2652 19.0813 18.8974 18.7176 18.5378 18.3599 18.1942 18.0306 17.879 17.7275 17.58 17.4425 17.3051 17.1819 17.0586 16.9354 16.8242 16.7151 16.6161 16.5413 16.4767 16.4221 16.3776 16.3554 16.319 16.2948 16.2827 16.2726 16.2119 16.1513 16.0786 15.9937 15.9068 15.8098 15.7007 15.5916 15.4946 15.3855 15.2642 15.1673 15.0703 14.9854 14.9005 14.8035 14.7065 14.6095 14.5004 14.3792 14.2458 14.1125 13.9912 13.87
18.2953 18.5014 18.6954 18.8853 19.0591 19.146 19.2207 19.2834 19.3339 19.3703 19.4107 19.4147 19.3945 19.3501 19.2349 19.1076 18.9702 18.8227 18.6408 18.4468 18.2528 18.075 17.8972 17.7194 17.5557 17.392 17.2405 17.0909 16.9414 16.8161 16.6909 16.5656 16.4544 16.3554 16.2665 16.1877 16.1453 16.1109 16.0766 16.0281 16.0038 15.9796 15.9674 15.9553 15.9553 15.9553 15.9068 15.8462 15.7856 15.7007 15.6037 15.531 15.4461 15.3734 15.3249 15.2642 15.2158 15.1551 15.0703 14.9975 14.9248 14.8399 14.7429 14.6459 14.5247 14.3913 14.2579 14.1367
17.9558 18.1619 18.3559 18.5378 18.7196 18.8247 18.8772 18.9419 18.9823 19.0227 19.0369 19.0308 19.0005 18.9459 18.855 18.7398 18.6145 18.465 18.3175 18.1599 17.9679 17.776 17.586 17.4082 17.2304 17.0526 16.8889 16.7272 16.5757 16.4362 16.3089 16.1837 16.0826 15.9917 15.9129 15.8563 15.8098 15.7735 15.7371 15.7007 15.6765 15.6522 15.6401 15.6401 15.6401 15.6401 15.6401 15.6522 15.6158 15.5674 15.5189 15.4582 15.3976 15.3855 15.3734 15.337 15.3249 15.2885 15.2521 15.1915 15.1188 15.0581 14.9854 14.8884 14.7793 14.658 14.5247 14.4034
17.5921 17.7982 17.9922 18.1619 18.3195 18.4408 18.5135 18.558 18.6004 18.6307 18.6368 18.6186 18.5741 18.5216 18.4448 18.3316 18.2185 18.0811 17.9336 17.7861 17.6305 17.4749 17.2708 17.0788 16.8889 16.7111 16.5353 16.3574 16.1917 16.0523 15.9129 15.7856 15.6947 15.6138 15.5552 15.4946 15.4582 15.4219 15.3976 15.3734 15.3491 15.3249 15.3249 15.3249 15.3249 15.3249 15.337 15.3491 15.3734 15.3976 15.3734 15.3612 15.3734 15.3855 15.3855 15.3976 15.4097 15.3976 15.3976 15.3612 15.3249 15.2642 15.2036 15.1309 15.046 14.9126 14.7793 14.658
17.2304 17.4244 17.5678 17.7376 17.8952 18.0164 18.0892 18.1377 18.1862 18.2084 18.2043 18.1761 18.1356 18.0811 18.0164 17.9174 17.8063 17.6709 17.5355 17.388 17.2425 17.0849 16.9293 16.7495 16.5454 16.3534 16.1635 15.9856 15.8078 15.6542 15.5128 15.3835 15.3006 15.24 15.1794 15.1309 15.1066 15.0703 15.046 15.0339 15.0218 15.0096 15.0096 15.0096 15.0096 15.0218 15.0339 15.0581 15.0945 15.1188 15.1673 15.24 15.2885 15.3491 15.3976 15.434 15.4582 15.4946 15.5189 15.5067 15.4946 15.4704 15.4097 15.3491 15.2642 15.1551 15.0339 14.9126
16.9596 17.1132 17.2425 17.386 17.5153 17.6224 17.681 17.7275 17.7497 17.7618 17.7497 17.7254 17.687 17.6365 17.5739 17.485 17.3617 17.2405 17.1071 16.9616 16.8161 16.6706 16.513 16.3554 16.1736 15.9816 15.7795 15.5876 15.4198 15.2521 15.0945 14.9733 14.9005 14.8399 14.7914 14.755 14.7429 14.7187 14.7065 14.6944 14.6944 14.6944 14.6944 14.6944 14.7065 14.7187 14.7429 14.7793 14.8035 14.8642 14.9248 15.0218 15.1309 15.2642 15.3612 15.434 15.4946 15.5552 15.5795 15.6037 15.6158 15.6158 15.5916 15.5431 15.4825 15.3734 15.2521 15.143
16.7333 16.8606 16.9758 17.0909 17.2061 17.287 17.3173 17.3496 17.3456 17.3173 17.2768 17.2526 17.2162 17.1677 17.095 17.0222 16.9253 16.804 16.6686 16.5353 16.3898 16.2443 16.0867 15.9311 15.7735 15.5916 15.3976 15.1915 14.9975 14.8278 14.6702 14.5732 14.5004 14.4641 14.4277 14.4034 14.3913 14.3671 14.3671 14.3549 14.3671 14.3671 14.3671 14.3792 14.3913 14.4156 14.4519 14.4883 14.5247 14.5853 14.6823 14.7914 14.9248 15.0581 15.2036 15.3612 15.4825 15.5795 15.6643 15.7128 15.7371 15.7492 15.7492 15.7371 15.6765 15.5916 15.4825 15.3734
16.5393 16.6525 16.7535 16.8545 16.9556 17.0081 17.0243 17.0303 16.9859 16.9434 16.8889 16.8222 16.7434 16.6828 16.6221 16.5494 16.4645 16.3433 16.2221 16.0887 15.9432 15.7977 15.6522 15.4946 15.337 15.1673 14.9854 14.8035 14.6095 14.4398 14.3064 14.1973 14.1488 14.1003 14.0761 14.0761 14.0761 14.0761 14.0761 14.064 14.064 14.064 14.0518 14.0397 14.064 14.1003 14.1367 14.1731 14.2337 14.3186 14.4277 14.5489 14.6944 14.852 15.0218 15.1915 15.3855 15.5674 15.6886 15.7735 15.8462 15.8826 15.8947 15.8947 15.8583 15.7856 15.7007 15.5795
16.3736 16.4868 16.5737 16.6605 16.7353 16.7616 16.7757 16.7414 16.6969 16.6403 16.5575 16.4767 16.3716 16.2665 16.1493 16.0766 15.9917 15.8826 15.7613 15.628 15.4946 15.3491 15.2036 15.046 14.8884 14.7429 14.5853 14.4277 14.2579 14.0882 13.967 13.87 13.8336 13.7972 13.7851 13.773 13.7851 13.7972 13.7972 13.7972 13.7851 13.7851 13.773 13.773 13.7851 13.7972 13.8457 13.9063 13.9791 14.0761 14.1973 14.3428 14.4883 14.6702 14.852 15.0339 15.2279 15.4219 15.6158 15.7856 15.8947 15.9674 16.0159 16.0281 16.0159 15.9553 15.8826 15.7735
16.2241 16.3231 16.41 16.4969 16.5575 16.5696 16.5575 16.509 16.4362 16.3655 16.2827 16.1756 16.0543 15.9351 15.8038 15.6603 15.5189 15.4097 15.2885 15.1673 15.0339 14.8884 14.7429 14.6095 14.4762 14.3428 14.2095 14.0518 13.8821 13.7487 13.6396 13.5547 13.5184 13.5063 13.5063 13.5184 13.5426 13.5669 13.5911 13.6032 13.6154 13.6275 13.6396 13.6517 13.6517 13.6639 13.6881 13.7366 13.8094 13.9185 14.0397 14.1731 14.3307 14.5126 14.6944 14.8763 15.0824 15.2885 15.4825 15.6643 15.8462 16.0038 16.0887 16.1251 16.1372 16.1008 16.0281 15.9189
16.115 16.2018 16.2746 16.3352 16.3958 16.408 16.3696 16.319 16.2322 16.1331 16.024 15.9149 15.7937 15.6603 15.5148 15.3572 15.1875 15.0076 14.8298 14.7086 14.5611 14.4398 14.3186 14.1973 14.0761 13.9427 13.8215 13.676 13.5305 13.4214 13.3123 13.2395 13.2153 13.2274 13.2516 13.2759 13.3244 13.3608 13.4093 13.4456 13.482 13.4941 13.5184 13.5305 13.5426 13.5669 13.5911 13.6396 13.7002 13.7851 13.8942 14.0397 14.1973 14.3792 14.5611 14.7429 14.949 15.1551 15.3612 15.5552 15.7371 15.9068 16.0766 16.1857 16.2221 16.2099 16.1493 16.0402
16.022 16.0947 16.1675 16.2281 16.2625 16.2604 16.2221 16.1594 16.0846 15.9735 15.8624 15.7533 15.632 15.4986 15.339 15.1673 14.9834 14.7752 14.5691 14.3772 14.2115 14.0882 13.9649 13.8275 13.7043 13.5689 13.4335 13.3001 13.1547 13.0698 12.997 12.9364 12.9364 12.9485 12.9849 13.0334 13.094 13.1668 13.2395 13.3001 13.3365 13.3608 13.3971 13.4214 13.4456 13.4699 13.5184 13.5669 13.6275 13.7002 13.7972 13.9306 14.0882 14.2701 14.4519 14.6338 14.8399 15.046 15.2521 15.4461 15.6401 15.822 15.9917 16.1372 16.2342 16.2827 16.2099 16.1129
15.9432 16.0159 16.0745 16.121 16.1432 16.1412 16.1028 16.0402 15.9412 15.8422 15.731 15.6219 15.4865 15.339 15.1794 15.0076 14.8359 14.6257 14.3913 14.1953 14.0134 13.8457 13.6922 13.5547 13.4173 13.2658 13.1163 12.9667 12.8051 12.7182 12.6697 12.6333 12.6454 12.6697 12.7182 12.7667 12.8637 12.9485 13.0334 13.1062 13.1668 13.2395 13.288 13.3244 13.3608 13.3971 13.4456 13.5063 13.5547 13.6396 13.7366 13.8579 14.0033 14.1852 14.3671 14.5732 14.7793 14.9854 15.1915 15.3976 15.5795 15.7613 15.9432 16.0887 16.2221 16.2705 16.2342 16.1251
